first_timestamp,second_timestamp
1547245151642982729,1547245151643068343
1547245152651092878,1547245152651170080
1547245153629502350,1547245153629579827
1547245154652509226,1547245154652582962
1547245155672570887,1547245155672684856
1547245156684031954,1547245156684146475
1547245157681779998,1547245157681869747
1547245158679819230,1547245158679901632
1547245159681861892,1547245159681980866
1547245160685157898,1547245160685251726
1547245161684277414,1547245161684398020
1547245162687104638,1547245162687259171
1547245163685321745,1547245163685440583
1547245164681458970,1547245164681558059
1547245165682275750,1547245165682387031
1547245166686319223,1547245166686434111
1547245167684599802,1547245167684705173
1547245168685306392,1547245168685421250
1547245169688753703,1547245169688892005
1547245170686112618,1547245170686264077
1547245171681249846,1547245171681362232
1547245172682774662,1547245172682883075
1547245173686392175,1547245173686534714
1547245174687477159,1547245174687636069
1547245175682262764,1547245175682366409
1547245176683051235,1547245176683171196
1547245177686005450,1547245177686248080
1547245178680142945,1547245178680235258
1547245179676238743,1547245179676316234
1547245180674654566,1547245180674732566
1547245181677148252,1547245181677262111
1547245182687060237,1547245182687181142
1547245183688581200,1547245183688695983
1547245184689472436,1547245184689588786
1547245185683375311,1547245185683477307
1547245186671372305,1547245186671474435
1547245187676449439,1547245187676545879
1547245188675025912,1547245188675111136
1547245189680637797,1547245189680759840
1547245190684582953,1547245190684680460
1547245191678162082,1547245191678249044
1547245192672420694,1547245192672504960
1547245193677026267,1547245193677131747
1547245194681872872,1547245194681968302
1547245195678953833,1547245195679048462
1547245196673852181,1547245196673939990
1547245197671903564,1547245197671990033
1547245198678003720,1547245198678107653
1547245199680051187,1547245199680165021
1547245200679787023,1547245200679892845
1547245201681070166,1547245201681178984
1547245202683074479,1547245202683185073
1547245203684121935,1547245203684233280
1547245204683729012,1547245204683831399
1547245205682300747,1547245205682411948
1547245206682434633,1547245206682548709
1547245207682963652,1547245207683070035
1547245208676938257,1547245208677024957
1547245209676516149,1547245209676637409
1547245210692718109,1547245210692809348
1547245211690928587,1547245211691035131
1547245212679750848,1547245212679845781
1547245213679780714,1547245213679882741
1547245214679449504,1547245214679553277
1547245215679567082,1547245215679667051
1547245216681905137,1547245216682024408
1547245217679429118,1547245217679528362
1547245218680232254,1547245218680342481
1547245219686784918,1547245219686901540
1547245220680468045,1547245220680546800
1547245221674257271,1547245221674341514
1547245222677407780,1547245222677493783
1547245223672392908,1547245223672473023
1547245224673336431,1547245224673433087
1547245225673375568,1547245225673458632
1547245226674603260,1547245226674712391
1547245227676367718,1547245227676448194
1547245228670862630,1547245228670944650
1547245229669896437,1547245229669971650
1547245230667962886,1547245230668038219
1547245231669026049,1547245231669105240
1547245232674904214,1547245232675068234
1547245233683485476,1547245233683591759
1547245234684891875,1547245234685007456
1547245235684397505,1547245235684502143
1547245236682490686,1547245236682613026
1547245237676993162,1547245237677070698
1547245238670920996,1547245238671019181
1547245239683185532,1547245239683299533
1547245240683154922,1547245240683241495
1547245241678218263,1547245241678326277
1547245242682246953,1547245242682347996
1547245243681963501,1547245243682085001
1547245244681468864,1547245244681570410
1547245245680715814,1547245245680828901
1547245246686489675,1547245246686598070
1547245247684040520,1547245247684123920
1547245248679323741,1547245248679435005
1547245249679235307,1547245249679349476
1547245250678835089,1547245250678917221
1547245251670260322,1547245251670345506
1547245252674853794,1547245252674941818
1547245253675559152,1547245253675661568
1547245254674959257,1547245254675035461
1547245255669168897,1547245255669243698
1547245256672742785,1547245256672827023
1547245257673968438,1547245257674049175
1547245258672032465,1547245258672108886
1547245259674189956,1547245259674285509
1547245260673619292,1547245260673698407
1547245261671813372,1547245261671901948
1547245262676962665,1547245262677065377
1547245263680316287,1547245263680419704
1547245264683417049,1547245264683536558
1547245265682782321,1547245265682895192
1547245266681931898,1547245266682037509
1547245267680148175,1547245267680243333
1547245268675999707,1547245268676093294
1547245269679114756,1547245269679217458
1547245270682706199,1547245270682806121
1547245271677900837,1547245271677997162
1547245272679207482,1547245272679317118
1547245273681577727,1547245273681675247
1547245274679643709,1547245274679745540
1547245276678951846,1547245276679074002
1547245277684020000,1547245277684127360
1547245277752328117,1547245277752426444
1547245278746088304,1547245278746204989
1547245279745148466,1547245279745258065
1547245280745294962,1547245280745398031
1547245281750155482,1547245281750287678
1547245282752230759,1547245282752335751
1547245283744306980,1547245283744390819
1547245284738839800,1547245284738936987
1547245285741299397,1547245285741391502
1547245286742101748,1547245286742202362
1547245287745109030,1547245287745211108
1547245288745833238,1547245288745935726
1547245289742888212,1547245289742977248
1547245290740191968,1547245290740288927
1547245291745093001,1547245291745197359
1547245292748089829,1547245292748189915
1547245293745970533,1547245293746073427
1547245294747058075,1547245294747162531
1547245295749322551,1547245295749420300
1547245296750432674,1547245296750540472
1547245297746778519,1547245297746872178
1547245298740913184,1547245298741009763
1547245299741504282,1547245299741607840
1547245300741336613,1547245300741428998
1547245301741250834,1547245301741346371
1547245302744988758,1547245302745093537
1547245303746255921,1547245303746353448
1547245304744673788,1547245304744770937
1547245305744707902,1547245305744823512
1547245306745279826,1547245306745398397
1547245307744680491,1547245307744797684
1547245308743190825,1547245308743297461
1547245309743829989,1547245309743955869
1547245310743805732,1547245310743935462
1547245311745793303,1547245311745910229
1547245312743056183,1547245312743213617
1547245313747988835,1547245313748090366
1547245314745523185,1547245314745638554
1547245315746915959,1547245315747017953
1547245316746195024,1547245316746293816
1547245317742446216,1547245317742546823
1547245318749318991,1547245318749411187
1547245319748754824,1547245319748860962
1547245320745230017,1547245320745365093
1547245321745989666,1547245321746085900
1547245322750251735,1547245322750361361
1547245323748931523,1547245323749027551
1547245324742415104,1547245324742507431
1547245325741122832,1547245325741214832
1547245326741487481,1547245326741591011
1547245327743556193,1547245327743654579
1547245328741531508,1547245328741628333
1547245329741047263,1547245329741142240
1547245330743890767,1547245330743990430
1547245331745579474,1547245331745675050
1547245332743712327,1547245332743810824
1547245333747211748,1547245333747300288
1547245334746916201,1547245334747028164
1547245335748067774,1547245335748171136
1547245336747191766,1547245336747293831
1547245337748046839,1547245337748145707
1547245338743960652,1547245338744047228
1547245339741404495,1547245339741511630
1547245340744924534,1547245340745026724
1547245341744096831,1547245341744194157
1547245342741309876,1547245342741401073
1547245343743487467,1547245343743595271
1547245344747618767,1547245344747715387
1547245345746025770,1547245345746133609
1547245346746912091,1547245346747032069
1547245347743998556,1547245347744110038
1547245348745154891,1547245348745279692
1547245349743861641,1547245349743963387
1547245350744239773,1547245350744374411
1547245351749730695,1547245351749840990
1547245352744719876,1547245352744823463
1547245353745014840,1547245353745150131
1547245354749242889,1547245354749342100
1547245355743892471,1547245355743995940
1547245356741159499,1547245356741243554
1547245357737672126,1547245357737768141
1547245358746497384,1547245358746635686
1547245359740741863,1547245359740827967
1547245360734978767,1547245360735065044
1547245361738074245,1547245361738163465
1547245362740287975,1547245362740377382
1547245363739984711,1547245363740086764
1547245364743266168,1547245364743372407
1547245365738840974,1547245365738919927
1547245366738188449,1547245366738276964
1547245367741742089,1547245367741842630
1547245368743552514,1547245368743648665
1547245369740141704,1547245369740223457
1547245370740127853,1547245370740233490
1547245371743367092,1547245371743476138
1547245372741209750,1547245372741309504
1547245373740839219,1547245373740932105
1547245374743959837,1547245374744077274
1547245375742076871,1547245375742153889
1547245376732361849,1547245376732438287
1547245377738526523,1547245377738634876
1547245378746604570,1547245378746704509
1547245379746344236,1547245379746448675
1547245380744871737,1547245380744968232
1547245381740045901,1547245381740127578
1547245382739327050,1547245382739430631
1547245383741871881,1547245383741969553
1547245384743522121,1547245384743624731
1547245385743252743,1547245385743344631
1547245386743532899,1547245386743629064
1547245387745167528,1547245387745267253
1547245388741565667,1547245388741649764
1547245389739096095,1547245389739193836
1547245390741106833,1547245390741198436
1547245391741129541,1547245391741234804
1547245392746596656,1547245392746702014
1547245393748233995,1547245393748346413
1547245394748670780,1547245394748769016
1547245395748099018,1547245395748204871
1547245396750239180,1547245396750351804
1547245398744062979,1547245398744184463
1547245399733531462,1547245399733621660
1547245399793350181,1547245399793494252
1547245400802166515,1547245400802270515
1547245401806273599,1547245401806372234
1547245402805193131,1547245402805295886
1547245403805408775,1547245403805513455
1547245404805363638,1547245404805465016
1547245405804730192,1547245405804826243
1547245406804910147,1547245406805041467
1547245407808286510,1547245407808389649
1547245408807166844,1547245408807280527
1547245409808189659,1547245409808297322
1547245410809148269,1547245410809253912
1547245411806990902,1547245411807097790
1547245412805721976,1547245412805819427
1547245413806811252,1547245413806915459
1547245414806541152,1547245414806646908
1547245415805497622,1547245415805610932
1547245416807662992,1547245416807770064
1547245417809413061,1547245417809534481
1547245418806978529,1547245418807073877
1547245419803034769,1547245419803152365
1547245420807039688,1547245420807146549
1547245421804847190,1547245421804943745
1547245422803284324,1547245422803400140
1547245423804770795,1547245423804874271
1547245424809265505,1547245424809424867
1547245425811621006,1547245425811742203
1547245426807485108,1547245426807579094
1547245427804460623,1547245427804566584
1547245428806449785,1547245428806543482
1547245429803669694,1547245429803770932
1547245430805702856,1547245430805797982
1547245431803163212,1547245431803259022
1547245432802853854,1547245432802952789
1547245433804275503,1547245433804378575
1547245435802300109,1547245435802414796
1547245436796797179,1547245436796905339
1547245436859113172,1547245436859213618
1547245437867343135,1547245437867479336
1547245438867602033,1547245438867700756
1547245439865633994,1547245439865735705
1547245440867622001,1547245440867731286
1547245441866890479,1547245441866990363
1547245442866415592,1547245442866520836
1547245443866860019,1547245443866945578
1547245444863438659,1547245444863547765
1547245445865485635,1547245445865592893
1547245446871606829,1547245446871697661
1547245447868536467,1547245447868687748
1547245448871581606,1547245448871689052
1547245449871640830,1547245449871739893
1547245450870445636,1547245450870552125
1547245451865820170,1547245451865918841
1547245452866942886,1547245452867047415
1547245453867703626,1547245453867834248
1547245454865663823,1547245454865758069
1547245455866128993,1547245455866247033
