first_timestamp,second_timestamp
1547248764288885437,1547248764288974692
1547248765302829493,1547248765302910823
1547248766314899347,1547248766314976596
1547248767339685842,1547248767339760840
1547248768361017156,1547248768361124342
1547248769369534421,1547248769369648338
1547248770367766156,1547248770367875894
1547248771360624306,1547248771360707492
1547248772357116190,1547248772357209788
1547248773365233965,1547248773365344314
1547248774371814663,1547248774371934389
1547248775370540760,1547248775370649153
1547248776367189965,1547248776367302982
1547248777373196059,1547248777373314374
1547248778372735890,1547248778372851310
1547248779368609214,1547248779368722606
1547248780368100525,1547248780368212568
1547248781368235383,1547248781368348468
1547248782372128789,1547248782372241688
1547248783372325775,1547248783372438209
1547248784371218992,1547248784371333125
1547248785370466440,1547248785370578966
1547248786368689407,1547248786368809114
1547248787370562525,1547248787370672375
1547248788372798959,1547248788372918876
1547248789373210711,1547248789373332869
1547248790370818829,1547248790370938363
1547248791369092182,1547248791369206175
1547248792369738863,1547248792369866246
1547248793369813046,1547248793369925177
1547248794369090111,1547248794369201520
1547248795367032784,1547248795367153806
1547248796365774830,1547248796365885375
1547248797364405735,1547248797364494275
1547248798361589674,1547248798361694511
1547248799369144865,1547248799369258578
1547248800370455419,1547248800370565411
1547248801367176916,1547248801367283651
1547248802367890661,1547248802368003287
1547248803369395531,1547248803369513179
1547248804367687637,1547248804367796516
1547248805363894615,1547248805364000240
1547248806365146455,1547248806365263626
1547248807366351087,1547248807366456783
1547248808363721963,1547248808363827880
1547248809367526620,1547248809367721868
1547248810367162541,1547248810367276546
1547248811366547653,1547248811366661971
1547248812365450363,1547248812365560407
1547248814362523215,1547248814362649522
1547248815359151768,1547248815359284403
1547248815423145245,1547248815423268384
1547248816427650602,1547248816427761452
1547248817434476627,1547248817434586735
1547248818434128630,1547248818434238218
1547248819429989501,1547248819430098022
1547248820429529298,1547248820429636546
1547248821430928973,1547248821431042161
1547248822430723456,1547248822430838811
1547248823434445981,1547248823434563286
1547248824434418602,1547248824434532860
1547248825430910085,1547248825431021659
1547248826428830762,1547248826428944661
1547248827430871031,1547248827430987538
1547248828430547427,1547248828430660160
1547248829428336889,1547248829428446768
1547248830427837517,1547248830427954425
1547248831430549961,1547248831430671680
1547248832428899305,1547248832429007259
1547248833427169430,1547248833427283680
1547248834432600400,1547248834432719768
1547248835433865345,1547248835433975934
1547248836430237451,1547248836430350591
1547248837428120327,1547248837428225822
1547248839419951308,1547248839420060895
1547248839482037114,1547248839482129749
1547248840487355320,1547248840487488949
1547248841492957321,1547248841493064761
1547248842490062841,1547248842490170911
1547248843491002369,1547248843491114863
1547248844491495777,1547248844491595163
1547248845488843516,1547248845488952039
1547248846491751701,1547248846491866524
1547248847493005681,1547248847493131272
1547248848494452709,1547248848494568324
1547248849493454793,1547248849493567305
1547248850493102767,1547248850493216700
1547248851491180863,1547248851491288920
1547248852490524383,1547248852490658885
1547248853492497570,1547248853492606600
1547248854488800503,1547248854488897635
1547248855488683087,1547248855488805139
1547248856494265191,1547248856494373529
1547248857496303850,1547248857496426218
1547248858492632746,1547248858492747433
1547248859492841262,1547248859492961766
1547248860492698254,1547248860492813133
1547248861490893331,1547248861491006587
1547248862493748000,1547248862493866011
1547248863494055557,1547248863494169282
1547248864491301362,1547248864491430828
1547248865491618056,1547248865491746260
1547248866490475759,1547248866490591508
1547248867495440496,1547248867495561333
1547248868495810636,1547248868495921032
1547248869491246113,1547248869491349127
1547248870489848430,1547248870489957589
1547248871491209606,1547248871491332696
1547248872490267182,1547248872490375745
1547248873491890970,1547248873492000311
1547248874496308308,1547248874496421265
1547248875496449588,1547248875496554550
1547248876494108300,1547248876494218369
1547248877492757896,1547248877492861560
1547248878492969271,1547248878493078797
1547248879492594493,1547248879492705326
1547248880494643816,1547248880494753614
1547248881491256279,1547248881491360940
1547248882492225484,1547248882492339489
1547248883494344740,1547248883494454149
1547248884490945638,1547248884491047946
1547248885489855668,1547248885489961602
1547248886491107984,1547248886491225153
1547248887492426401,1547248887492535403
1547248888492390975,1547248888492497878
1547248889491616842,1547248889491729925
1547248890495349158,1547248890495479847
1547248891494382133,1547248891494488173
1547248892489759660,1547248892489870032
1547248893490251873,1547248893490364153
1547248894491305860,1547248894491445393
1547248895490850958,1547248895490960135
1547248896490220635,1547248896490332508
1547248897493371082,1547248897493479285
1547248898492784931,1547248898492898143
1547248899493829421,1547248899493945908
1547248900491398407,1547248900491521098
1547248901491041460,1547248901491147633
1547248902492378775,1547248902492493648
1547248903492489208,1547248903492647632
1547248904493170088,1547248904493286525
1547248905492332968,1547248905492446606
1547248906490894371,1547248906491005750
1547248907491051612,1547248907491170340
1547248908493076219,1547248908493206018
1547248909491079564,1547248909491184230
1547248910488265319,1547248910488367264
1547248911489204992,1547248911489311337
1547248912490407317,1547248912490514736
1547248913491917908,1547248913492029869
1547248914494395361,1547248914494527722
1547248915492703274,1547248915492816938
1547248916493705097,1547248916493810257
1547248917490815331,1547248917490914686
1547248918489653027,1547248918489762725
1547248919494118264,1547248919494236733
1547248920492867154,1547248920492985088
1547248921489850012,1547248921489961317
1547248922489864700,1547248922489968391
1547248923488802768,1547248923488910854
1547248924490455668,1547248924490567077
1547248925492213801,1547248925492319654
1547248926489886598,1547248926489989502
1547248927489789795,1547248927489897400
1547248928495120738,1547248928495259808
1547248929494739375,1547248929494863024
1547248930491260693,1547248930491374905
1547248931493161853,1547248931493271543
1547248932495069939,1547248932495187853
1547248933496120508,1547248933496229577
1547248934494651584,1547248934494769051
1547248935493298299,1547248935493406440
1547248936490206082,1547248936490322834
1547248937493474124,1547248937493586803
1547248938491731680,1547248938491839915
1547248939490151344,1547248939490289290
1547248940490114004,1547248940490223293
1547248941490568195,1547248941490699115
1547248942491172415,1547248942491291013
1547248943489962392,1547248943490064920
1547248944487523633,1547248944487630107
1547248945493444005,1547248945493565808
1547248946496855517,1547248946496973080
1547248947488996483,1547248947489101186
1547248948488695052,1547248948488803360
1547248949491227029,1547248949491340686
1547248950487693564,1547248950487789068
1547248951486161599,1547248951486269665
1547248952491057986,1547248952491162914
1547248953489667985,1547248953489775143
1547248954490979502,1547248954491094414
1547248955491451405,1547248955491556599
1547248956491508247,1547248956491627049
1547248957492883012,1547248957493066775
1547248958491639575,1547248958491745202
1547248959491507352,1547248959491619688
1547248960490541826,1547248960490655346
1547248961491131413,1547248961491244922
1547248962492855092,1547248962492957148
1547248963491899004,1547248963492006851
1547248964489787211,1547248964489890257
1547248965490203748,1547248965490310829
1547248966491451603,1547248966491561521
1547248967491713759,1547248967491812362
1547248968492509398,1547248968492620411
1547248969494210396,1547248969494324051
1547248970492963461,1547248970493077137
1547248971493680485,1547248971493791476
1547248972493220675,1547248972493332804
1547248973490406964,1547248973490510498
1547248974491845115,1547248974491957713
1547248975492989211,1547248975493092678
1547248976490864061,1547248976490979323
1547248977491961631,1547248977492076620
1547248978495281433,1547248978495411234
1547248979493187573,1547248979493305131
1547248980494188972,1547248980494298998
1547248981489186861,1547248981489277824
1547248982485882320,1547248982485993920
1547248983493358327,1547248983493484426
1547248984494596525,1547248984494716770
1547248985491321549,1547248985491622881
1547248986491108741,1547248986491216543
1547248987496012253,1547248987496124216
1547248988497180905,1547248988497297488
1547248989497994467,1547248989498118058
1547248990499026603,1547248990499140851
1547248991496955549,1547248991497076185
1547248992492694848,1547248992492818571
1547248993491592176,1547248993491700448
1547248994489995508,1547248994490107916
1547248995490533433,1547248995490648256
1547248996490989149,1547248996491107698
1547248997490850221,1547248997490954875
1547248998490080992,1547248998490192782
1547248999492818425,1547248999492935004
1547249000493294539,1547249000493404572
1547249001493478033,1547249001493589174
1547249002493610225,1547249002493717032
1547249003491957800,1547249003492076815
1547249004494949329,1547249004495068312
1547249005492413155,1547249005492518571
1547249006488436697,1547249006488539565
1547249007489751247,1547249007489849349
1547249008490619193,1547249008490729418
1547249009493482176,1547249009493595496
1547249010493832094,1547249010493927878
1547249011489472949,1547249011489580348
1547249012494840863,1547249012494952325
1547249013496584770,1547249013496701569
1547249014492817829,1547249014492931219
1547249015490953258,1547249015491058459
1547249016489566978,1547249016489674843
1547249017492013788,1547249017492139826
1547249019489770850,1547249019489900606
1547249020483556957,1547249020483672031
1547249020544812482,1547249020544911541
1547249021550009951,1547249021550130265
1547249022554575169,1547249022554687126
1547249023553706987,1547249023553808019
1547249024551589828,1547249024551702015
1547249025555673278,1547249025555780432
1547249026556042060,1547249026556156099
1547249027556565595,1547249027556681043
1547249028558125179,1547249028558238917
1547249029556370934,1547249029556482716
1547249030555405041,1547249030555531514
1547249031551494969,1547249031551593728
1547249032553004060,1547249032553113524
1547249033558167066,1547249033558279889
1547249034556466644,1547249034556584637
1547249035556497018,1547249035556610837
1547249036556203619,1547249036556550832
1547249037553137724,1547249037553245009
1547249038556148881,1547249038556257428
1547249039557185688,1547249039557292892
1547249040553356127,1547249040553474196
1547249041554273786,1547249041554385440
1547249042555314520,1547249042555451894
1547249043556329070,1547249043556436829
1547249044556715442,1547249044556829655
1547249045554022637,1547249045554127454
1547249046552490688,1547249046552609671
1547249047555626040,1547249047555736080
1547249048553805296,1547249048553912631
1547249049555850358,1547249049555964718
1547249051546981297,1547249051547103577
1547249051610149056,1547249051610253854
1547249052613708524,1547249052613819789
1547249053614305430,1547249053614422202
1547249054616504027,1547249054616615348
1547249055615938956,1547249055616054748
1547249056615479501,1547249056615588316
1547249057614744340,1547249057614862910
1547249058613895925,1547249058614006473
1547249059613195850,1547249059613304437
1547249060611880913,1547249060611982987
1547249061611455554,1547249061611560136
1547249062613543079,1547249062613654012
1547249063615978384,1547249063616097499
1547249064614718515,1547249064614823165
1547249065615762334,1547249065615872972
1547249066614866674,1547249066614971232
1547249067611805018,1547249067611901494
1547249068613292932,1547249068613421565
