first_timestamp,second_timestamp
1547245502455037251,1547245502455127100
1547245503462531388,1547245503462619499
1547245504442524804,1547245504442611132
1547245505466742337,1547245505466817591
1547245506489303262,1547245506489417015
1547245507503588739,1547245507503706176
1547245508501955440,1547245508502084479
1547245509502176691,1547245509502298274
1547245510502749220,1547245510502874140
1547245511500645134,1547245511500847949
1547245512502998068,1547245512503122101
1547245513501846963,1547245513501971636
1547245514497593547,1547245514497707276
1547245515496192300,1547245515496332164
1547245516501144635,1547245516501260045
1547245517500789640,1547245517500909653
1547245518494467522,1547245518494557295
1547245519491230829,1547245519491344608
1547245520498178582,1547245520498299060
1547245521498846397,1547245521498962890
1547245522499483279,1547245522499605388
1547245523500313385,1547245523500434904
1547245524500363649,1547245524500550916
1547245525502003780,1547245525502128431
1547245526504527504,1547245526504644007
1547245527504525901,1547245527504641448
1547245528497862761,1547245528497963026
1547245529486933567,1547245529487176985
1547245530482626185,1547245530482735136
1547245531486267460,1547245531486371859
1547245532490842937,1547245532490944557
1547245533490871686,1547245533490967456
1547245534489294568,1547245534489391022
1547245535490026183,1547245535490127841
1547245536490165269,1547245536490262759
1547245537488969285,1547245537489051866
1547245538491138456,1547245538491243032
1547245539494826187,1547245539494926654
1547245540493283333,1547245540493372119
1547245541489673670,1547245541489768148
1547245542485260935,1547245542485340753
1547245543480892015,1547245543480969911
1547245544485591242,1547245544485685281
1547245545487827699,1547245545487928183
1547245546482492447,1547245546482587591
1547245547485579778,1547245547485668267
1547245548485912426,1547245548486015998
1547245549489481372,1547245549489574246
1547245550487457872,1547245550487546671
1547245551482129079,1547245551482202472
1547245552483247471,1547245552483324005
1547245553484288978,1547245553484419886
1547245554487942991,1547245554488051671
1547245555492645581,1547245555492745229
1547245556494695306,1547245556494807437
1547245557498197751,1547245557498295629
1547245558484794495,1547245558485172239
1547245559490089851,1547245559490185452
1547245560490315607,1547245560490408322
1547245561487697448,1547245561487794936
1547245562491411320,1547245562491524212
1547245563493684000,1547245563493787296
1547245564493419611,1547245564493522254
1547245565492954679,1547245565493049886
1547245566491511567,1547245566491609205
1547245567488348519,1547245567488440019
1547245568487971878,1547245568488068720
1547245569492407271,1547245569492504765
1547245570495318223,1547245570495443676
1547245571496299281,1547245571496400284
1547245572492007925,1547245572492093261
1547245574485179062,1547245574485296573
1547245574552014155,1547245574552113760
1547245575568176308,1547245575568286853
1547245576557115271,1547245576557219977
1547245577554103781,1547245577554221316
1547245578559205036,1547245578559304040
1547245579555754172,1547245579555930767
1547245580553718212,1547245580553825083
1547245581554132654,1547245581554235657
1547245582555510550,1547245582555620378
1547245583553705654,1547245583553807327
1547245584551644823,1547245584551744503
1547245585556306644,1547245585556414525
1547245586556803238,1547245586556901826
1547245587552268253,1547245587552369545
1547245588553337995,1547245588553445303
1547245589555673057,1547245589555774216
1547245590555700932,1547245590555805810
1547245591555148150,1547245591555259000
1547245592551685861,1547245592551777784
1547245593551300573,1547245593551432617
1547245594555834591,1547245594555940288
1547245595554085950,1547245595554198580
1547245596553880026,1547245596553978472
1547245597549270879,1547245597549359491
1547245598551976306,1547245598552094465
1547245599557763234,1547245599557875794
1547245600553906305,1547245600554021261
1547245601552480973,1547245601552581111
1547245602553663038,1547245602553768132
1547245603555847331,1547245603555956373
1547245604556085431,1547245604556187186
1547245605549564839,1547245605549650549
1547245606549328953,1547245606549434960
1547245607554098700,1547245607554204539
1547245608556418093,1547245608556518182
1547245609555247963,1547245609555354315
1547245610551723067,1547245610551822747
1547245611550507238,1547245611550607073
1547245612553150032,1547245612553259669
1547245613553735807,1547245613553833545
1547245614546559716,1547245614546635614
1547245615550428111,1547245615550528701
1547245617548049733,1547245617548137986
1547245618538790494,1547245618538887341
1547245618600605163,1547245618600688332
1547245619604111700,1547245619604196523
1547245620601497424,1547245620601572735
1547245621599595310,1547245621599682208
1547245622601830372,1547245622601925643
1547245623604742236,1547245623604834869
1547245624607037402,1547245624607167055
1547245625604870298,1547245625604951783
1547245626602183298,1547245626602273834
1547245627605081894,1547245627605171408
1547245628606710865,1547245628606809123
1547245629608798297,1547245629608902918
1547245630607840896,1547245630607938583
1547245631606618330,1547245631606727893
1547245632607573065,1547245632607746399
1547245633607244240,1547245633607337610
1547245634612454100,1547245634612714124
1547245635612572554,1547245635612702591
1547245636609452340,1547245636609546653
1547245637605273054,1547245637605367591
1547245638606971611,1547245638607070249
1547245639609110783,1547245639609211233
1547245640609298001,1547245640609399536
1547245641608037558,1547245641608132195
1547245642608978211,1547245642609080765
1547245643612620461,1547245643612719690
1547245644608986983,1547245644609074852
1547245645608558483,1547245645608669986
1547245646613393431,1547245646613497476
1547245647609835138,1547245647609932775
1547245648609512848,1547245648609613634
1547245649610385521,1547245649610492068
1547245650612744482,1547245650612848553
1547245651610534904,1547245651610637208
1547245652608829529,1547245652608924452
1547245653608576699,1547245653608674417
1547245654610512968,1547245654610618351
1547245655608729057,1547245655608823377
1547245656604974351,1547245656605074127
1547245657608383811,1547245657608496658
1547245658611874000,1547245658611974098
1547245659608956097,1547245659609061092
1547245660609887589,1547245660609991961
1547245661612837482,1547245661612939918
1547245662609774336,1547245662609867523
1547245663608819392,1547245663608922346
1547245664610984296,1547245664611089586
1547245665609708757,1547245665609808967
1547245666609657642,1547245666609763785
1547245667610256112,1547245667610356109
1547245668609940440,1547245668610091451
1547245669608182729,1547245669608279681
1547245670605517266,1547245670605617255
1547245671606522877,1547245671606621837
1547245672607162116,1547245672607262572
1547245673605418699,1547245673605513034
1547245674607957501,1547245674608064027
1547245675607793481,1547245675607900005
1547245676609569185,1547245676609667151
1547245677607173920,1547245677607269402
1547245678604907176,1547245678604999899
1547245679605931293,1547245679606034813
1547245680607946563,1547245680608053463
1547245681608448062,1547245681608537133
1547245682609239515,1547245682609332697
1547245683604218055,1547245683604314108
1547245684607139664,1547245684607234729
1547245685608830248,1547245685608935744
1547245686608867051,1547245686608962702
1547245687607080936,1547245687607183058
1547245688607621753,1547245688607720271
1547245689607457300,1547245689607561502
1547245690609069761,1547245690609171183
1547245691608195352,1547245691608298423
1547245692609096382,1547245692609200567
1547245693607508774,1547245693607603947
1547245694604520429,1547245694604605921
1547245695605272325,1547245695605361007
1547245696607978513,1547245696608072193
1547245697608441588,1547245697608551544
1547245698609768975,1547245698609876644
1547245699608663086,1547245699608758969
1547245700605389417,1547245700605474971
1547245701607747240,1547245701607849594
1547245702614396486,1547245702614501342
1547245703609802786,1547245703609899499
1547245704603776397,1547245704603862434
1547245705604060325,1547245705604156458
1547245706604184720,1547245706604264877
1547245707604079581,1547245707604181225
1547245708610755162,1547245708610916771
1547245709611060443,1547245709611229698
1547245710608659093,1547245710608768153
1547245711612628090,1547245711612742733
1547245712612009016,1547245712612122693
1547245713609218832,1547245713609321312
1547245714610452075,1547245714610558265
1547245715610318876,1547245715610473866
1547245716606986723,1547245716607078275
1547245717606495679,1547245717606597885
1547245718608099500,1547245718608197021
1547245719607938990,1547245719608038852
1547245720607086450,1547245720607176713
1547245721606015284,1547245721606113417
1547245722606750703,1547245722606848392
1547245723606344606,1547245723606440495
1547245724605729572,1547245724605826288
1547245725607209569,1547245725607319758
1547245726607924835,1547245726608022367
1547245727608575493,1547245727608684884
1547245728610846075,1547245728610943430
1547245729606134344,1547245729606217995
1547245730609027546,1547245730609141415
1547245731612329357,1547245731612435194
1547245732612306041,1547245732612415724
1547245733611569538,1547245733611669766
1547245734610116850,1547245734610225324
1547245735609561308,1547245735609661705
1547245736607218190,1547245736607312486
1547245737607990780,1547245737608096785
1547245738613337302,1547245738613448441
1547245739614589060,1547245739614697662
1547245740610073833,1547245740610170762
1547245741608253656,1547245741608347294
1547245742609750238,1547245742609857743
1547245743611325835,1547245743611436734
1547245744605717565,1547245744605803659
1547245745603743838,1547245745603842538
1547245746607840404,1547245746607949714
1547245747609202381,1547245747609294170
1547245748608046313,1547245748608131707
1547245749606575435,1547245749606670905
1547245750606961353,1547245750607070490
1547245751609531164,1547245751609640977
1547245752608938440,1547245752609035484
1547245753607752637,1547245753607855466
1547245754609545915,1547245754609645906
1547245755611673417,1547245755611826354
1547245756613142367,1547245756613267083
1547245757612647689,1547245757612762841
1547245758609815670,1547245758609923493
1547245759614158061,1547245759614264603
1547245760607596689,1547245760607688617
1547245761608958472,1547245761609066293
1547245762615140373,1547245762615267649
1547245763616563763,1547245763616675337
1547245764614548190,1547245764614651311
1547245765609511145,1547245765609609407
1547245766606237619,1547245766606335529
1547245767606744808,1547245767606847442
1547245768612362378,1547245768612467109
1547245769613272712,1547245769613372741
1547245770606818812,1547245770606904057
1547245771602984224,1547245771603072939
1547245772605961309,1547245772606060854
1547245773608360450,1547245773608462828
1547245774608150681,1547245774608247105
1547245775606401824,1547245775606503485
1547245776607054745,1547245776607161031
1547245777605836737,1547245777605932351
1547245778607100425,1547245778607202596
1547245779609175006,1547245779609277819
1547245780608029014,1547245780608114291
1547245781607653630,1547245781607753788
1547245782608862464,1547245782608958620
1547245783605116871,1547245783605209426
1547245784606640026,1547245784606745337
1547245785608950704,1547245785609050407
1547245786607616322,1547245786607716221
1547245787607864826,1547245787607961731
1547245788608858172,1547245788608956874
1547245789611691747,1547245789611818371
1547245790613610595,1547245790613717195
1547245791611637347,1547245791611756584
1547245792608717265,1547245792608816954
1547245793607714428,1547245793607812262
1547245794607258809,1547245794607367175
1547245795609756078,1547245795609865070
1547245796610219444,1547245796610362974
1547245797607170074,1547245797607272817
1547245798608955426,1547245798609056835
1547245799610232461,1547245799610331872
1547245800615667683,1547245800615781901
1547245801610028318,1547245801610107157
1547245802601746977,1547245802601827776
