first_timestamp,second_timestamp
1547245845559719766,1547245845559825968
1547245846568544387,1547245846568645135
1547245847548556414,1547245847548632116
1547245848571230771,1547245848571306093
1547245849594983328,1547245849595110900
1547245850612594711,1547245850612709073
1547245852600860965,1547245852600960379
1547245852663593813,1547245852663683597
1547245853670080945,1547245853670204195
1547245854675856416,1547245854675989855
1547245855670681531,1547245855670772532
1547245856669132460,1547245856669247764
1547245857677620255,1547245857677727281
1547245858675953555,1547245858676067462
1547245859676561233,1547245859676672228
1547245860678019924,1547245860678155273
1547245861671812235,1547245861671908056
1547245862662942856,1547245862663034054
1547245863661342399,1547245863661432054
1547245864660029930,1547245864660111762
1547245865663076474,1547245865663166563
1547245866663092763,1547245866663181516
1547245867659724954,1547245867659801587
1547245868662379038,1547245868662460093
1547245869669787713,1547245869669902785
1547245870676327205,1547245870676442216
1547245871678513780,1547245871678636584
1547245872677442015,1547245872677559458
1547245873674836894,1547245873674953760
1547245874674845562,1547245874674944070
1547245875667286747,1547245875667364678
1547245876663886684,1547245876663983741
1547245877668023937,1547245877668103635
1547245878664923247,1547245878665009998
1547245879671844550,1547245879671953349
1547245880672423181,1547245880672509679
1547245881669645295,1547245881669758519
1547245882672884527,1547245882672965833
1547245883672238541,1547245883672352592
1547245884677465241,1547245884677574640
1547245885675271728,1547245885675613752
1547245886666992034,1547245886667076824
1547245887658117947,1547245887658199085
1547245888665991918,1547245888666104990
1547245889673425836,1547245889673515720
1547245890666085114,1547245890666162289
1547245892658635698,1547245892658712116
1547245892722649777,1547245892722727388
1547245893732040365,1547245893732147019
1547245894735822805,1547245894735928016
1547245895730493053,1547245895730656572
1547245896731888138,1547245896732000313
1547245897736092016,1547245897736203424
1547245898737865708,1547245898737975454
1547245899734326559,1547245899734431384
1547245900739125020,1547245900739248240
1547245901730117555,1547245901730221899
1547245902730514741,1547245902730614741
1547245903730381031,1547245903730485504
1547245904730898918,1547245904731007097
1547245905731137390,1547245905731214892
1547245906726303970,1547245906726383549
1547245907723278568,1547245907723360138
1547245908725971296,1547245908726075435
1547245909729617001,1547245909729719352
1547245910725920140,1547245910726009440
1547245912721512733,1547245912721609161
1547245912781298604,1547245912781387669
1547245913785222749,1547245913785331492
1547245914785416468,1547245914785505243
1547245915785071178,1547245915785181722
1547245916787667005,1547245916787764879
1547245917786883617,1547245917786997979
1547245918788801422,1547245918788905879
1547245920786079669,1547245920786198614
1547245921781222164,1547245921781343865
1547245921845423031,1547245921845523232
1547245922848475664,1547245922848581801
1547245923850081981,1547245923850172401
1547245924850699388,1547245924850814241
1547245925850975846,1547245925851092487
1547245926849371863,1547245926849470039
1547245927845400319,1547245927845535537
1547245928846588828,1547245928846697569
1547245929849783139,1547245929849890645
1547245930851221972,1547245930851339529
1547245931844251077,1547245931844336970
1547245932841669091,1547245932841838093
1547245933845738646,1547245933845846046
1547245934847335027,1547245934847466542
1547245935847445800,1547245935847555367
1547245936850009500,1547245936850124690
1547245937849899500,1547245937850005273
1547245938848989563,1547245938849110388
1547245939848265475,1547245939848366859
1547245940844998628,1547245940845104054
1547245941848138598,1547245941848239549
1547245942850237556,1547245942850346572
1547245943850916569,1547245943851023309
1547245944843705871,1547245944843783719
1547245945835420838,1547245945835515000
1547245946839728043,1547245946840024016
1547245947842372145,1547245947842460053
1547245948842853565,1547245948842964857
1547245949844454511,1547245949844550336
1547245950844473588,1547245950844593126
1547245951845357534,1547245951845472011
1547245952848525112,1547245952848639215
1547245953849700290,1547245953849797323
1547245954848492924,1547245954848603856
1547245955850873355,1547245955850995513
1547245956851947422,1547245956852051199
1547245957849153968,1547245957849263459
1547245958848150233,1547245958848261728
1547245959849481312,1547245959849590661
1547245960850428744,1547245960850531730
1547245961851138133,1547245961851249731
1547245962849716880,1547245962849820906
1547245963848468707,1547245963848581744
1547245964852591784,1547245964852701820
1547245965845796657,1547245965845911690
1547245966845504767,1547245966845628418
1547245967848448832,1547245967848552389
1547245968847607530,1547245968847724228
1547245969847026968,1547245969847142458
1547245970846133242,1547245970846252714
1547245971845810660,1547245971845934421
1547245972845920790,1547245972846030294
1547245973844491024,1547245973844599056
1547245974844297592,1547245974844399515
1547245975846536600,1547245975846644714
1547245976853426223,1547245976853584138
1547245977851543054,1547245977851655570
1547245978848482032,1547245978848592151
1547245979846725644,1547245979846844757
1547245980846851046,1547245980846966407
1547245981849461834,1547245981849574125
1547245982850724830,1547245982850839311
1547245983848253694,1547245983848362658
1547245984847757220,1547245984847866738
1547245985847291648,1547245985847414670
1547245986850371065,1547245986850491206
1547245987850637427,1547245987850754272
1547245988846495224,1547245988846604755
1547245989848092679,1547245989848209567
1547245990848837182,1547245990848943016
1547245991843642678,1547245991843740606
1547245992845387742,1547245992845494443
1547245993852519022,1547245993852630487
1547245994849033703,1547245994849148891
1547245995849011706,1547245995849117889
1547245996847080001,1547245996847193010
1547245997846312557,1547245997846419769
1547245998841754772,1547245998841854305
1547245999844170299,1547245999844284260
1547246000852394292,1547246000852503053
1547246001850975434,1547246001851087338
1547246002849801581,1547246002849912951
1547246003856904078,1547246003857020613
1547246004848339305,1547246004848446303
1547246005845498469,1547246005845610290
1547246006847155568,1547246006847278153
1547246007845844610,1547246007845946126
1547246008848249124,1547246008848361109
1547246009851234260,1547246009851350653
1547246010849354834,1547246010849465271
1547246011845888561,1547246011845999894
1547246012846044288,1547246012846158269
1547246013846307786,1547246013846424162
1547246014852057974,1547246014852173629
1547246015850710884,1547246015850816470
1547246016848109701,1547246016848218298
1547246017847934789,1547246017848049967
1547246018850728514,1547246018850845021
1547246019856954456,1547246019857066183
1547246020852347051,1547246020852462279
1547246021854580872,1547246021854700352
1547246022851946530,1547246022852065359
1547246023854182082,1547246023854288131
1547246024851820941,1547246024851935175
1547246025853164688,1547246025853284545
1547246026853374403,1547246026853494785
1547246027852371078,1547246027852483807
1547246028852127770,1547246028852241533
1547246029853566069,1547246029853679248
1547246030850590460,1547246030850707723
1547246031851985407,1547246031852099561
1547246032850747874,1547246032850862780
1547246033851505130,1547246033851611375
1547246034850369807,1547246034850484398
1547246035854454063,1547246035854566499
1547246036853777763,1547246036853890686
1547246037849568644,1547246037849674483
1547246038849487481,1547246038849599189
1547246039852254234,1547246039852364525
1547246040851716715,1547246040851825744
1547246041852614565,1547246041852722761
1547246042851563705,1547246042851676288
1547246043849635123,1547246043849741740
1547246044849631482,1547246044849742771
1547246045850697082,1547246045850807214
1547246046850521792,1547246046850628737
1547246047852037156,1547246047852149562
1547246048854061373,1547246048854163609
1547246049852441599,1547246049852556947
1547246050853800517,1547246050853917248
1547246051852445054,1547246051852557236
1547246052850903404,1547246052851010247
1547246053848179690,1547246053848282444
1547246054848987231,1547246054849105737
1547246055850764734,1547246055850877046
1547246056851559844,1547246056851673728
1547246057855294446,1547246057855425281
1547246058853862498,1547246058853981687
1547246059854111271,1547246059854230993
1547246060852104920,1547246060852220541
1547246061856882147,1547246061857001240
1547246062853138737,1547246062853251150
1547246063849354193,1547246063849458567
1547246064851456589,1547246064851571974
1547246065851130883,1547246065851245141
1547246066853513958,1547246066853634820
1547246067852517585,1547246067852632011
1547246068849512511,1547246068849623870
1547246069847143928,1547246069847250144
1547246070848380454,1547246070848485387
1547246071848729391,1547246071848834629
1547246072850899689,1547246072851014355
1547246073851992871,1547246073852110591
1547246074851423528,1547246074851541927
1547246076848465393,1547246076848598303
1547246077844580017,1547246077844680205
1547246077903451730,1547246077903544884
1547246078906894377,1547246078907001759
1547246079909497755,1547246079909598893
1547246080907445743,1547246080907545124
1547246081911081713,1547246081911201281
1547246082912662080,1547246082912766489
1547246083911109852,1547246083911223101
1547246084913188500,1547246084913302430
1547246085914616816,1547246085914736104
1547246086916227544,1547246086916343510
1547246087916977122,1547246087917095655
1547246088916894118,1547246088917013624
1547246089915154736,1547246089915281662
1547246090913714144,1547246090913826021
1547246091913725000,1547246091913847002
1547246092915263441,1547246092915399939
1547246093916343307,1547246093916461951
1547246094915970856,1547246094916090702
1547246095915622095,1547246095915741621
1547246096915268493,1547246096915378718
1547246097913724121,1547246097913833556
1547246098913764074,1547246098913869905
1547246099914098263,1547246099914213771
1547246100917232323,1547246100917352889
1547246101916657515,1547246101916765277
1547246102914943466,1547246102915058039
1547246103915450400,1547246103915567531
1547246104912818164,1547246104912921136
1547246105911503610,1547246105911621587
1547246106913911897,1547246106914021058
1547246107912803378,1547246107912921842
1547246108914127134,1547246108914227454
1547246109914200462,1547246109914317122
1547246110915732224,1547246110915846342
1547246111916958484,1547246111917074833
1547246112915199276,1547246112915310650
1547246113917174255,1547246113917290124
1547246114919002247,1547246114919116162
1547246115916424721,1547246115916540533
1547246116914664940,1547246116914772755
1547246117914760815,1547246117914878120
1547246118909909628,1547246118910042483
1547246119909064528,1547246119909173169
1547246120914706480,1547246120914827935
1547246121912827263,1547246121912930735
1547246122907214417,1547246122907303434
1547246123905701830,1547246123905795976
1547246124912602579,1547246124912782802
1547246125923612541,1547246125923728621
1547246126914824642,1547246126914927823
1547246127927785615,1547246127927913646
1547246128927501439,1547246128927585895
1547246129904357262,1547246129904434538
1547246130907423228,1547246130907549795
1547246131915072002,1547246131915183736
1547246132913349844,1547246132913472327
1547246133909695563,1547246133909782569
1547246134912765528,1547246134912877456
1547246135912223911,1547246135912326971
1547246136905437634,1547246136905514171
1547246137899632292,1547246137899707301
1547246138907491346,1547246138908371970
1547246139917909113,1547246139918027172
1547246140911900168,1547246140911990805
1547246141908950904,1547246141909061841
1547246142915181214,1547246142915300387
1547246143914952638,1547246143915054058
1547246144913731440,1547246144913844914
1547246145913673308,1547246145913783222
1547246146912909625,1547246146913013881
1547246147910686661,1547246147910767525
1547246148906840851,1547246148906935934
