first_timestamp,second_timestamp
1547246183852047136,1547246183852136086
1547246184866583518,1547246184866659901
1547246185887670740,1547246185887748333
1547246186913880923,1547246186913960687
1547246187933184852,1547246187933265426
1547246188938037843,1547246188938137638
1547246189940517642,1547246189940632024
1547246190941523392,1547246190941700682
1547246191942479976,1547246191942611902
1547246192942604681,1547246192942772979
1547246193944877690,1547246193944994514
1547246194943925344,1547246194944059858
1547246195940808632,1547246195940922309
1547246196942465908,1547246196942583824
1547246197941496943,1547246197941604319
1547246198936909659,1547246198937015388
1547246199937610869,1547246199937723237
1547246200941316127,1547246200941436010
1547246201941871873,1547246201941988697
1547246202942659576,1547246202942774325
1547246203940511509,1547246203940623782
1547246204938522041,1547246204938638931
1547246205942737033,1547246205942848406
1547246206941163625,1547246206941267505
1547246207943349817,1547246207943492256
1547246208941203708,1547246208941313788
1547246209940045472,1547246209940157581
1547246210941522211,1547246210941640484
1547246211942860461,1547246211942980618
1547246212943760124,1547246212943879051
1547246213941514854,1547246213941626498
1547246214941517384,1547246214941636571
1547246215944193646,1547246215944313573
1547246216943031144,1547246216943147246
1547246217939130032,1547246217939237764
1547246218937986590,1547246218938099124
1547246219942020160,1547246219942138413
1547246220943448758,1547246220943574608
1547246221945072149,1547246221945191148
1547246222947719931,1547246222947832393
1547246223945405747,1547246223945517027
1547246224944147216,1547246224944288660
1547246225936422878,1547246225936600592
1547246226922882963,1547246226922956774
1547246227928090700,1547246227928178930
1547246228931394699,1547246228931484433
1547246229930905543,1547246229930994829
1547246230935434949,1547246230935521920
1547246231928224223,1547246231928301998
1547246232935740303,1547246232935859774
1547246233936692944,1547246233936771725
1547246234931327755,1547246234931457504
1547246235938400228,1547246235938509790
1547246236941323016,1547246236941437499
1547246237944892389,1547246237945014549
1547246238935582636,1547246238935659441
1547246239926933708,1547246239927012959
1547246240924364792,1547246240924441067
1547246241938259537,1547246241938377722
1547246242948001991,1547246242948122990
1547246243941763091,1547246243941877872
1547246244941532850,1547246244941644770
1547246245938592095,1547246245938697919
1547246246938427676,1547246246938548318
1547246247942263426,1547246247942362732
1547246248942172575,1547246248942284380
1547246249943126174,1547246249943238039
1547246250941511700,1547246250941624108
1547246251941387088,1547246251941506987
1547246252941277110,1547246252941382907
1547246253938587056,1547246253938697363
1547246254940020375,1547246254940128626
1547246255942539809,1547246255942653849
1547246256942581793,1547246256942715309
1547246257943327797,1547246257943462854
1547246258947966860,1547246258948086347
1547246259939517338,1547246259939609455
1547246260936703719,1547246260936812546
1547246261944231052,1547246261944349561
1547246262944049228,1547246262944163899
1547246263940594130,1547246263940707961
1547246264940065533,1547246264940185042
1547246265940843078,1547246265940963921
1547246266939966458,1547246266940077919
1547246267938855802,1547246267938974059
1547246268941885165,1547246268942016538
1547246269941040539,1547246269941154604
1547246270937385280,1547246270937489501
1547246271939970524,1547246271940082513
1547246272943312020,1547246272943450947
1547246273938133343,1547246273938232293
1547246274940074254,1547246274940182234
1547246275935971485,1547246275936077898
1547246276941681307,1547246276941859459
1547246277943697824,1547246277943813842
1547246278939885638,1547246278940056817
1547246279939378735,1547246279939515768
1547246280940383947,1547246280940498542
1547246281948729582,1547246281948853976
1547246282940979741,1547246282941083646
1547246283940577441,1547246283940689686
1547246284937824183,1547246284937915767
1547246285932103023,1547246285932201005
1547246286936268721,1547246286936372063
1547246287936260312,1547246287936368263
1547246288940562665,1547246288940675043
1547246289939533402,1547246289939640851
1547246290937803813,1547246290937917342
1547246291935592848,1547246291935673643
1547246292934092998,1547246292934214225
1547246293941310342,1547246293941429094
1547246294942017319,1547246294942130238
1547246295940728034,1547246295940830676
1547246296939105184,1547246296939211462
1547246297940545088,1547246297940658658
1547246298943400066,1547246298943524633
1547246299942862344,1547246299942961683
1547246300943006785,1547246300943126804
1547246301941319041,1547246301941401084
1547246302933923510,1547246302934026320
1547246303939403735,1547246303939527187
1547246304938440732,1547246304938538452
1547246305935433729,1547246305935538848
1547246306941413105,1547246306941524136
1547246307941225529,1547246307941330037
1547246308934464292,1547246308934562212
1547246309938058807,1547246309938174668
1547246310939224431,1547246310939335097
1547246311937415648,1547246311937517820
1547246312935174348,1547246312935283894
1547246313938546789,1547246313938657439
1547246314945303713,1547246314945412620
1547246315936746133,1547246315936849635
1547246316939562799,1547246316939676077
1547246317939088860,1547246317939178778
1547246318933533814,1547246318933640732
1547246319937233466,1547246319937337137
1547246320937805715,1547246320937918386
1547246321944286984,1547246321944410365
1547246322940249290,1547246322940358100
1547246323939688751,1547246323939802554
1547246324939451418,1547246324939556993
1547246325936426643,1547246325936528453
1547246326939274169,1547246326939409794
1547246327939410734,1547246327939517929
1547246328937824594,1547246328937940265
1547246329943243196,1547246329943336109
1547246330940892145,1547246330940988751
1547246331937297866,1547246331937412065
1547246332937367322,1547246332937464321
1547246333937514480,1547246333937627776
1547246334936931663,1547246334937032407
1547246335936303674,1547246335936403795
1547246336941676449,1547246336941788618
1547246337940475768,1547246337940581879
1547246338935853457,1547246338935956160
1547246339940769421,1547246339940870541
1547246340941134951,1547246340941246439
1547246341937676665,1547246341937781925
1547246342940055612,1547246342940166266
1547246343943863438,1547246343943980430
1547246344945658956,1547246344945768577
1547246345941525985,1547246345941631787
1547246346940349891,1547246346940464838
1547246347938253685,1547246347938362210
1547246348935461716,1547246348935566001
1547246349936953440,1547246349937061105
1547246350938587662,1547246350938694511
1547246351936363205,1547246351936473140
1547246352938354057,1547246352938468604
1547246353939880954,1547246353939988072
1547246354937892260,1547246354938011766
1547246355939960850,1547246355940067008
1547246356938348384,1547246356938465132
1547246357944897192,1547246357945008605
1547246358942835620,1547246358942956200
1547246359941783548,1547246359941890007
1547246360941208308,1547246360941465759
1547246361937084212,1547246361937204027
1547246362941486431,1547246362941598113
1547246363941023850,1547246363941145808
1547246364941690518,1547246364941841937
1547246365934371488,1547246365934462346
1547246366932673083,1547246366932780287
1547246367936278876,1547246367936377705
1547246368936277847,1547246368936381019
1547246369938494393,1547246369938610413
1547246370936276556,1547246370936362161
1547246371931950341,1547246371932055005
1547246372936132942,1547246372936230724
1547246373934635612,1547246373934738219
1547246374933461929,1547246374933563395
1547246375935589242,1547246375935697655
1547246376936900228,1547246376937004891
1547246377935366785,1547246377935502588
1547246378935851714,1547246378935955602
1547246379938665524,1547246379938781225
1547246380941074503,1547246380941185390
1547246381940887522,1547246381941001510
1547246382940861977,1547246382940975986
1547246383943976101,1547246383944085791
1547246384944134828,1547246384944237085
1547246385936534925,1547246385936638942
1547246386938184343,1547246386938299020
1547246387939721110,1547246387939831247
1547246388941686809,1547246388941805389
1547246389942859129,1547246389942972605
1547246390943494432,1547246390943615123
1547246391945365769,1547246391945493508
1547246392941912111,1547246392942063210
1547246393940935956,1547246393941114832
1547246394946510847,1547246394946625271
1547246395944368292,1547246395944483682
1547246396942938396,1547246396943041270
1547246397942313172,1547246397942429375
1547246398943305248,1547246398943424086
1547246399938024821,1547246399938133556
1547246400940542745,1547246400940677073
1547246401945285633,1547246401945404667
1547246402941274362,1547246402941440525
1547246403943481473,1547246403943595208
1547246404949968578,1547246404950076029
1547246405944848709,1547246405944972282
1547246406942938996,1547246406943060891
1547246407944584713,1547246407944697374
1547246408941393792,1547246408941504269
1547246409939947316,1547246409940055991
1547246410941504598,1547246410941616759
1547246411941865794,1547246411941976871
1547246412947596497,1547246412947711912
1547246413945901046,1547246413946025805
1547246414943355461,1547246414943492138
1547246415944640066,1547246415944738677
1547246416942379986,1547246416942501117
1547246417944319393,1547246417944437307
1547246418944451696,1547246418944554011
1547246419933924184,1547246419934017518
1547246420926784637,1547246420926889922
1547246421928842284,1547246421928924346
1547246422931703834,1547246422931829506
1547246423939173329,1547246423939285456
1547246424933862788,1547246424933941804
1547246425929227503,1547246425929322671
1547246426937722286,1547246426937831524
1547246427941465943,1547246427941576681
1547246428944668097,1547246428944783065
1547246429946600577,1547246429946712564
1547246430944344934,1547246430944464149
1547246431939087796,1547246431939193865
1547246432938041382,1547246432938154690
1547246433934693127,1547246433934778969
1547246434930517682,1547246434930616808
1547246435936495654,1547246435936598354
1547246436936589046,1547246436936687638
1547246437937967326,1547246437938045274
1547246438938060783,1547246438938165272
1547246439939769256,1547246439939881353
1547246440936427088,1547246440936506215
1547246441932008642,1547246441932124626
1547246442944008450,1547246442944123712
1547246443937087492,1547246443937174674
1547246444928981259,1547246444929061162
1547246445929334757,1547246445929419696
1547246446933528703,1547246446933633710
1547246447935631051,1547246447935724952
1547246448935070093,1547246448935182073
1547246449935053128,1547246449935151956
1547246450929509031,1547246450929590490
1547246451926743664,1547246451926817696
1547246452932549137,1547246452932667428
1547246453941291774,1547246453941403624
1547246454934276234,1547246454934354231
1547246455933773744,1547246455933879204
1547246456940243821,1547246456940360194
1547246457942763412,1547246457942884700
1547246458941692114,1547246458941798255
1547246459935933691,1547246459936061863
1547246460937522089,1547246460937641904
1547246461942428278,1547246461942542726
1547246462941110122,1547246462941225005
1547246463943775746,1547246463943886514
1547246464946952474,1547246464947071148
1547246465944648860,1547246465944767676
1547246466943651961,1547246466943771232
1547246467945096085,1547246467945212353
1547246468943486831,1547246468943607916
1547246469943215865,1547246469943332283
1547246470941832893,1547246470941960804
1547246471940843871,1547246471940953745
1547246472939738496,1547246472939843685
1547246473941187709,1547246473941300921
1547246474942769549,1547246474942885020
1547246475942998154,1547246475943136082
1547246476940659637,1547246476940770399
1547246477941606766,1547246477941768543
1547246478942474804,1547246478942607670
1547246479946606843,1547246479946723194
1547246480943049528,1547246480943167931
1547246481942492009,1547246481942609082
1547246482944438233,1547246482944558036
1547246483942748673,1547246483942867802
1547246484941239918,1547246484941391609
1547246485942074528,1547246485942191985
1547246486943537034,1547246486943627625
1547246487932089922,1547246487932174747
