first_timestamp,second_timestamp
1547246513786876172,1547246513786960629
1547246514795199081,1547246514795279951
1547246515776875235,1547246515776953028
1547246516804184069,1547246516804269708
1547246517821643547,1547246517821727444
1547246518825558181,1547246518825671312
1547246519826024288,1547246519826111450
1547246520823507007,1547246520823623989
1547246521830429602,1547246521830541764
1547246522829213613,1547246522829328080
1547246523829963661,1547246523830078663
1547246524833664537,1547246524833774046
1547246525835588246,1547246525835703496
1547246526833034759,1547246526833143759
1547246527831550961,1547246527831666957
1547246528832648292,1547246528832754200
1547246529831617074,1547246529831735012
1547246530832582640,1547246530832694753
1547246531832788516,1547246531832898021
1547246532831902301,1547246532832012313
1547246533830385917,1547246533830489762
1547246534830998918,1547246534831112936
1547246535830560478,1547246535830667232
1547246536828179359,1547246536828300190
1547246537830264634,1547246537830373301
1547246538829022097,1547246538829130931
1547246539829517894,1547246539829639184
1547246540831190064,1547246540831303157
1547246541829584396,1547246541829690680
1547246542833027157,1547246542833151048
1547246543834888337,1547246543835005151
1547246544830192165,1547246544830302309
1547246545825708559,1547246545825815240
1547246546828845857,1547246546828959670
1547246547832598565,1547246547832712695
1547246548830059785,1547246548830169565
1547246549830638788,1547246549830763210
1547246550835860639,1547246550835966119
1547246552825662760,1547246552825781965
1547246552894548516,1547246552894651883
1547246553894471600,1547246553894594051
1547246554896794742,1547246554896912095
1547246555900001549,1547246555900121779
1547246556900113879,1547246556900228405
1547246557899285586,1547246557899417943
1547246558898487884,1547246558898597069
1547246559898572364,1547246559898693786
1547246560895787897,1547246560895882167
1547246561891831166,1547246561891942959
1547246562896795959,1547246562896911049
1547246563899339921,1547246563899461866
1547246564902072477,1547246564902186779
1547246565905635179,1547246565905748419
1547246566906122560,1547246566906236431
1547246567903063528,1547246567903183603
1547246568900583912,1547246568900698531
1547246569897937029,1547246569898050401
1547246570897593982,1547246570897708080
1547246571901580633,1547246571901690912
1547246572899104946,1547246572899214548
1547246573898024852,1547246573898144237
1547246574898074562,1547246574898176788
1547246575898718966,1547246575898837057
1547246576901317876,1547246576901434290
1547246577899092140,1547246577899210024
1547246578897375610,1547246578897482792
1547246579898217793,1547246579898329048
1547246580897920039,1547246580898019315
1547246581894090279,1547246581894192116
1547246582896384203,1547246582896491824
1547246583901820203,1547246583901940463
1547246584901100618,1547246584901215357
1547246585898254882,1547246585898366071
1547246586897166959,1547246586897268471
1547246587893100074,1547246587893203389
1547246588898822115,1547246588898940611
1547246589902888021,1547246589903014152
1547246590896423534,1547246590896513284
1547246591896488921,1547246591896600958
1547246592898864147,1547246592898971321
1547246593895019517,1547246593895119055
1547246594895765184,1547246594895877060
1547246595897696521,1547246595897809203
1547246596899677824,1547246596899785467
1547246597897233294,1547246597897332248
1547246598898695650,1547246598898818337
1547246599899374134,1547246599899505837
1547246600897295878,1547246600897405686
1547246601897804095,1547246601897926433
1547246602897437777,1547246602897545831
1547246603896160343,1547246603896268708
1547246604898027975,1547246604898148072
1547246605896993877,1547246605897094823
1547246606894323137,1547246606894435451
1547246607896900725,1547246607897022276
1547246608898821373,1547246608898935504
1547246609897619979,1547246609897737290
1547246610897573437,1547246610897690860
1547246611898789957,1547246611898903904
1547246612898713468,1547246612898832529
1547246613896650550,1547246613896752034
1547246614893473893,1547246614893577908
1547246615898827702,1547246615898939685
1547246616896473259,1547246616896563842
1547246617901053852,1547246617901160282
1547246618901112856,1547246618901228081
1547246619899011109,1547246619899114471
1547246620896024804,1547246620896130511
1547246621897147398,1547246621897259285
1547246622899230868,1547246622899343202
1547246623891947419,1547246623892036922
1547246624886039117,1547246624886124197
1547246625885816752,1547246625885946429
1547246627889201800,1547246627889319376
1547246628884319982,1547246628884411371
1547246628941978089,1547246628942055344
1547246629948959225,1547246629949046657
1547246630953546350,1547246630953702956
1547246631961453971,1547246631961561624
1547246632960576002,1547246632960691250
1547246633963376922,1547246633963521747
1547246634963234504,1547246634963335785
1547246635963423615,1547246635963535327
1547246636965272033,1547246636965384574
1547246637963446503,1547246637963559542
1547246638960053856,1547246638960146103
1547246639958258130,1547246639958364106
1547246640966498509,1547246640966615914
1547246641960920947,1547246641961022157
1547246642957536116,1547246642957639503
1547246643961602777,1547246643961722213
1547246644969801754,1547246644969930761
1547246645970653044,1547246645970774360
1547246646964449148,1547246646964556827
1547246647964425048,1547246647964525072
1547246648960674034,1547246648960768415
1547246649958014778,1547246649958119360
1547246650961576271,1547246650961679195
1547246651963977614,1547246651964090992
1547246652965526558,1547246652965641875
1547246653963127810,1547246653963239003
1547246654964260094,1547246654964368433
1547246655964151868,1547246655964256971
1547246656964227764,1547246656964340162
1547246657965329771,1547246657965438679
1547246658959541586,1547246658959620296
1547246659958531784,1547246659958650556
1547246660965551156,1547246660965667717
1547246661964060225,1547246661964162624
1547246662963201862,1547246662963319147
1547246663962693815,1547246663962801475
1547246664961040638,1547246664961151357
1547246665963689318,1547246665963806833
1547246666962829755,1547246666962924496
1547246667960578327,1547246667960685625
1547246668969253050,1547246668969375483
1547246669970457544,1547246669970570868
1547246670964689895,1547246670964810419
1547246671961749070,1547246671961846342
1547246672957962462,1547246672958108526
1547246673963105503,1547246673963246776
1547246674961479903,1547246674961602087
1547246675961055391,1547246675961167351
1547246676961489685,1547246676961600407
1547246677956985249,1547246677957117707
1547246678955660457,1547246678955770632
1547246679960050661,1547246679960140204
1547246680957929712,1547246680958055810
1547246681965282182,1547246681965398303
1547246682965657363,1547246682965777933
1547246683966256238,1547246683966374840
1547246684965126243,1547246684965239463
1547246685962389139,1547246685962500976
1547246686961760010,1547246686961881360
1547246687963547719,1547246687963664958
1547246688963913083,1547246688964014776
1547246689962428910,1547246689962543006
1547246690963142867,1547246690963256666
1547246691960688854,1547246691960780968
1547246692961775924,1547246692961893756
1547246693966337368,1547246693966452258
1547246694964443044,1547246694964557092
1547246695960966188,1547246695961071703
1547246696959168656,1547246696959274650
1547246697960249668,1547246697960360372
1547246698966821365,1547246698966942801
1547246699968365755,1547246699968476154
1547246700963552153,1547246700963654707
1547246701961998713,1547246701962101742
1547246702964827958,1547246702964946828
1547246703965095694,1547246703965198321
1547246704960829741,1547246704960935561
1547246705962497447,1547246705962598851
1547246706959823504,1547246706959938959
1547246707962143264,1547246707962254984
1547246708962289056,1547246708962403418
1547246709961257061,1547246709961359170
1547246710965348442,1547246710965459744
1547246711970259306,1547246711970367424
1547246712964326493,1547246712964438017
1547246713962802309,1547246713962918531
1547246714963736178,1547246714963854485
1547246715962613875,1547246715962728878
1547246716962870975,1547246716962980887
1547246717961583770,1547246717961701723
1547246718963160314,1547246718963282985
1547246719969049084,1547246719969169484
1547246720967528796,1547246720967649593
1547246721964280723,1547246721964392982
1547246722963378484,1547246722963511086
1547246723964622746,1547246723964806896
1547246724964293304,1547246724964399425
1547246725961750263,1547246725961857331
1547246726958910125,1547246726959009322
1547246727958404062,1547246727958516512
1547246728966164757,1547246728966277666
1547246729962550926,1547246729962659403
1547246730960169395,1547246730960272851
1547246731957979503,1547246731958071972
1547246732956275162,1547246732956373217
1547246733960033826,1547246733960147703
1547246734964770036,1547246734964878856
1547246735961185831,1547246735961294442
1547246736960494209,1547246736960593917
1547246737954934622,1547246737955010788
1547246738952036986,1547246738952130019
1547246739965120972,1547246739965230726
1547246740968684857,1547246740968794066
1547246741962978820,1547246741963089456
1547246742959254730,1547246742959350508
1547246743958905894,1547246743959020992
1547246744964869458,1547246744964978667
1547246745964699018,1547246745964807946
1547246746964091537,1547246746964204063
1547246747963556767,1547246747963672436
1547246748962783718,1547246748962895871
1547246749963536972,1547246749963648059
1547246750965201266,1547246750965310222
1547246751959431968,1547246751959521227
1547246752955720280,1547246752955828336
1547246753961168075,1547246753961280198
1547246754960096131,1547246754960190576
1547246755961600208,1547246755961712594
1547246756963853247,1547246756963962251
1547246757961342270,1547246757961452054
1547246758965508016,1547246758965618706
1547246759966420851,1547246759966524372
1547246760964874467,1547246760964984758
1547246761961474629,1547246761961584375
1547246762966223632,1547246762966346107
1547246763967372006,1547246763967508719
1547246764964040499,1547246764964141696
1547246765959782372,1547246765959915687
1547246766961450441,1547246766961560756
1547246767962041015,1547246767962137032
1547246768960502581,1547246768960615955
1547246769963628814,1547246769963749852
1547246770962887707,1547246770962999887
1547246771963560073,1547246771963663131
1547246772960777920,1547246772960887720
1547246773964893683,1547246773965004547
1547246774966437615,1547246774966545695
1547246775964555572,1547246775964668459
1547246776965767669,1547246776965876044
1547246777966315555,1547246777966429440
1547246778965763563,1547246778965875215
1547246779961704359,1547246779961814026
1547246780960573403,1547246780960670576
1547246781960529326,1547246781960644652
1547246782961888653,1547246782961998846
1547246783959896090,1547246783959999825
1547246784959188932,1547246784959296234
1547246785960306936,1547246785960415394
1547246786964689037,1547246786964783350
1547246787968791993,1547246787968900631
1547246788967376108,1547246788967513458
1547246789969769460,1547246789969873501
1547246790968825793,1547246790968942219
1547246791966476440,1547246791966590439
1547246792965236590,1547246792965348266
1547246793964341593,1547246793964457338
1547246794963359550,1547246794963483109
1547246795962284780,1547246795962393890
1547246796962317556,1547246796962431229
1547246797965058989,1547246797965179677
1547246798967597599,1547246798967709976
1547246799962067735,1547246799962172471
1547246800962979368,1547246800963094915
1547246801963922907,1547246801964032238
1547246802962582045,1547246802962695509
1547246803964268854,1547246803964383396
1547246804963862489,1547246804963978497
1547246805963878024,1547246805963993575
1547246806963835625,1547246806963941542
1547246807962177762,1547246807962281404
1547246808961518749,1547246808961626360
1547246809961924686,1547246809962024312
1547246810961518943,1547246810961628952
1547246811964003449,1547246811964126196
1547246812963773676,1547246812963885647
1547246813962491617,1547246813962582328
1547246814967844090,1547246814967937345
1547246815965051525,1547246815965127692
1547246816957812515,1547246816957928531
