first_timestamp,second_timestamp
1547246841013399757,1547246841013491299
1547246842038821757,1547246842038902131
1547246843065634856,1547246843065712407
1547246844086792980,1547246844086909451
1547246845084310769,1547246845084392442
1547246846077997081,1547246846078106067
1547246847083826363,1547246847083933101
1547246848079996591,1547246848080078278
1547246849082888047,1547246849082979614
1547246850085696563,1547246850085791854
1547246851082303410,1547246851082388878
1547246852086857242,1547246852086998898
1547246853094915228,1547246853095032234
1547246854094354138,1547246854094494232
1547246855092876874,1547246855093003033
1547246856092756199,1547246856092877190
1547246857092715789,1547246857092845199
1547246858092755800,1547246858092872502
1547246859092965240,1547246859093087606
1547246860092967151,1547246860093082026
1547246861089858684,1547246861089990712
1547246862090243913,1547246862090359179
1547246863091878983,1547246863091994987
1547246864093563368,1547246864093684804
1547246865091805448,1547246865091911229
1547246866089100872,1547246866089214521
1547246867093200007,1547246867093324513
1547246869081321525,1547246869081414262
1547246869140420775,1547246869140511643
1547246870140833129,1547246870140967878
1547246871147060096,1547246871147181526
1547246872158316433,1547246872158437675
1547246873158709009,1547246873158931596
1547246874155153130,1547246874155263092
1547246875153233964,1547246875153416346
1547246876157031722,1547246876157153934
1547246877155283017,1547246877155407249
1547246878152455113,1547246878152579977
1547246879153354410,1547246879153474830
1547246880154194743,1547246880154302418
1547246881155066488,1547246881155187868
1547246882156284913,1547246882156395679
1547246883156387311,1547246883156507226
1547246884157124010,1547246884157234167
1547246885155648766,1547246885155756816
1547246886156064390,1547246886156178934
1547246887159063103,1547246887159186029
1547246888158983380,1547246888159103331
1547246889155811384,1547246889155937457
1547246890154890743,1547246890155014107
1547246891157099981,1547246891157262382
1547246892157619145,1547246892157734615
1547246893160860760,1547246893160973001
1547246894159823386,1547246894159938374
1547246895159127516,1547246895159248359
1547246896160859652,1547246896160974545
1547246897156565516,1547246897156670399
1547246898155045258,1547246898155165074
1547246899159582967,1547246899159700302
1547246900159622310,1547246900159737430
1547246901158071361,1547246901158187481
1547246902158298767,1547246902158418948
1547246903167073437,1547246903167183041
1547246904163753668,1547246904163864414
1547246905154827392,1547246905154946585
1547246906155793357,1547246906155907071
1547246907156902515,1547246907157016364
1547246908158292140,1547246908158437668
1547246909157968457,1547246909158109049
1547246910158006401,1547246910158150245
1547246911155741563,1547246911155846933
1547246912155223024,1547246912155338489
1547246913159278834,1547246913159436031
1547246914160018658,1547246914160150163
1547246915155063049,1547246915155167877
1547246916159417168,1547246916159534591
1547246917164305124,1547246917164435466
1547246918158963941,1547246918159086243
1547246919157454512,1547246919157586298
1547246920163220052,1547246920163336689
1547246921155041724,1547246921155156932
1547246922154935329,1547246922155044499
1547246923156071963,1547246923156188027
1547246924157817072,1547246924157970835
1547246925159540821,1547246925159651496
1547246926152267786,1547246926152382645
1547246927154452363,1547246927154558589
1547246928152807778,1547246928152918340
1547246929153893811,1547246929154008588
1547246930154417764,1547246930154527759
1547246931157960260,1547246931158070429
1547246932158119226,1547246932158232329
1547246933155609953,1547246933155721479
1547246934154892013,1547246934155003611
1547246935153193290,1547246935153290023
1547246936157144188,1547246936157258075
1547246937155758998,1547246937155842186
1547246938150359822,1547246938150465415
1547246939155236421,1547246939155350210
1547246940157470046,1547246940157580916
1547246941157904721,1547246941158018095
1547246942158571368,1547246942158685035
1547246943161130333,1547246943161244270
1547246944156871466,1547246944156983010
1547246945155543664,1547246945155653965
1547246946153883588,1547246946153989437
1547246947153952455,1547246947154067559
1547246948156633680,1547246948156747819
1547246949155583779,1547246949155690427
1547246950153753973,1547246950153859732
1547246951152628726,1547246951152735956
1547246952153916553,1547246952154027191
1547246953151690000,1547246953151788716
1547246954151267999,1547246954151404708
1547246955156143203,1547246955156253270
1547246956154201040,1547246956154311419
1547246957153893077,1547246957154007187
1547246958155522778,1547246958155644693
1547246959157882073,1547246959158036327
1547246960154971695,1547246960155080956
1547246961156551802,1547246961156658644
1547246962159817156,1547246962159933421
1547246963156007646,1547246963156120122
1547246964154269304,1547246964154379720
1547246965154304040,1547246965154417702
1547246966154746332,1547246966154856294
1547246967151960403,1547246967152066357
1547246968153483408,1547246968153599422
1547246969160560542,1547246969160680451
1547246970161711922,1547246970161825632
1547246971157296249,1547246971157409422
1547246972156197791,1547246972156312546
1547246973153995336,1547246973154100947
1547246974151912577,1547246974152018933
1547246975155280684,1547246975155405376
1547246976153311078,1547246976153405709
1547246977152042913,1547246977152156772
1547246978152292098,1547246978152387884
1547246979152030031,1547246979152146520
1547246980156811755,1547246980156917961
1547246981153831137,1547246981153937600
1547246982153008293,1547246982153122898
1547246983156018702,1547246983156133010
1547246984156818642,1547246984156932331
1547246985155155397,1547246985155265051
1547246986155726471,1547246986155836313
1547246987156289098,1547246987156400756
1547246988157585808,1547246988157696762
1547246989159787932,1547246989159902089
1547246990160106208,1547246990160215058
1547246991155071011,1547246991155180418
1547246992155783508,1547246992155892991
1547246993155533480,1547246993155631530
1547246994157433714,1547246994157552013
1547246995158631552,1547246995158797834
1547246996150999458,1547246996151104953
1547246997150495094,1547246997150605429
1547246998154461044,1547246998154580884
1547246999155467672,1547246999155574039
1547247000153403420,1547247000153520623
1547247001154770525,1547247001154868427
1547247002153605675,1547247002153725738
1547247003154992632,1547247003155101181
1547247004154744396,1547247004154866507
1547247005158071812,1547247005158227385
1547247006152953521,1547247006153055003
1547247007153218725,1547247007153332909
1547247008157735791,1547247008157901531
1547247009156416822,1547247009156527255
1547247010156064827,1547247010156184006
1547247011154567374,1547247011154676987
1547247012154019521,1547247012154139929
1547247013156614397,1547247013156734947
1547247014155459309,1547247014155574972
1547247015155269472,1547247015155394888
1547247016155917498,1547247016156020656
1547247017152688076,1547247017152795242
1547247018161443145,1547247018161544379
1547247019162406683,1547247019162521137
1547247020155605520,1547247020155712103
1547247021153368806,1547247021153482534
1547247022157168480,1547247022157287819
1547247023154732855,1547247023154841690
1547247024153278040,1547247024153394699
1547247025155806742,1547247025155916448
1547247026154599635,1547247026154714079
1547247027155407244,1547247027155535347
1547247028154135467,1547247028154215627
1547247029149182939,1547247029149258060
1547247030149800743,1547247030149921235
1547247031152698365,1547247031152801433
1547247032151098361,1547247032151206672
1547247033154546802,1547247033154647605
1547247034149484570,1547247034149588186
1547247035155301084,1547247035155436814
1547247036150966000,1547247036151048088
1547247037142582417,1547247037142663095
1547247038144603721,1547247038144710537
1547247039146111513,1547247039146242571
1547247040141254579,1547247040141342805
1547247041145901954,1547247041146005341
1547247042149258351,1547247042149355058
1547247043145869537,1547247043145952708
1547247044144340063,1547247044144424258
1547247045148245186,1547247045148375279
1547247046153669009,1547247046153821162
1547247047155797918,1547247047155917576
1547247048158050859,1547247048158199917
1547247049155073604,1547247049155193006
1547247050154886916,1547247050155008028
1547247051156997723,1547247051157145015
1547247052159303365,1547247052159484520
1547247053159508044,1547247053159623381
1547247054158003806,1547247054158115093
1547247055152563299,1547247055152665836
1547247056150969190,1547247056151085060
1547247057154847455,1547247057154966730
1547247058156617003,1547247058156732103
1547247059156338178,1547247059156452306
1547247060154968012,1547247060155087548
1547247061155647203,1547247061155755607
1547247062155355421,1547247062155481652
1547247063153820552,1547247063153931106
1547247064154457359,1547247064154573521
1547247065154269527,1547247065154379353
1547247066153422658,1547247066153530508
1547247067153507102,1547247067153615761
1547247068151919131,1547247068152020709
1547247069152271454,1547247069152379600
1547247070154487177,1547247070154592285
1547247071156435118,1547247071156544731
1547247072159234735,1547247072159354940
1547247073158263717,1547247073158370677
1547247074155875079,1547247074155990801
1547247075157435878,1547247075157555692
1547247076157509359,1547247076157615767
1547247077156500682,1547247077156617533
1547247078154786410,1547247078154894609
1547247079151158995,1547247079151261112
1547247080150977863,1547247080151088439
1547247081153850926,1547247081153961079
1547247082156860521,1547247082156984040
1547247083157458215,1547247083157576043
1547247084153171786,1547247084153283956
1547247085153507296,1547247085153619145
1547247086158048938,1547247086158219848
1547247087157217012,1547247087157332248
1547247088153429225,1547247088153541714
1547247089151368098,1547247089151497880
1547247090154692795,1547247090154808623
1547247091156412871,1547247091156524874
1547247092156722859,1547247092156834719
1547247093154878032,1547247093154992653
1547247094156177362,1547247094156292769
1547247095154293706,1547247095154404219
1547247096153892534,1547247096154001248
1547247097154162835,1547247097154278113
1547247098155482387,1547247098155587541
1547247099155838765,1547247099155949094
1547247100156330927,1547247100156447670
1547247101155179527,1547247101155294118
1547247102153486458,1547247102153592014
1547247103154824424,1547247103154940768
1547247104158033058,1547247104158150524
1547247105158260634,1547247105158363533
1547247106155179859,1547247106155291364
1547247107154676546,1547247107154792843
1547247108154880344,1547247108155001346
1547247109156325433,1547247109156457413
1547247110155517732,1547247110155632533
1547247111156240515,1547247111156351137
1547247112155737818,1547247112155848683
1547247113156854959,1547247113156966633
1547247114158004355,1547247114158112327
1547247115155462042,1547247115155572627
1547247116157213626,1547247116157323901
1547247117153466726,1547247117153556959
1547247118148472135,1547247118148581642
1547247119156414716,1547247119156525424
1547247120155984908,1547247120156084627
1547247121156515291,1547247121156634845
1547247122156551830,1547247122156660888
1547247123156152011,1547247123156273214
1547247124156286584,1547247124156396598
1547247125151923369,1547247125152021279
1547247126153958199,1547247126154082675
1547247127155159950,1547247127155268519
1547247128151832367,1547247128151941834
1547247129155779266,1547247129155898038
1547247130157539499,1547247130157661647
1547247131156277383,1547247131156392649
1547247132158991011,1547247132159107368
1547247133162781897,1547247133162898903
1547247134156959380,1547247134157082674
1547247135157940270,1547247135158101552
1547247136159322787,1547247136159485450
1547247137157728854,1547247137157844671
1547247138155634602,1547247138155739951
1547247139155950827,1547247139156065197
1547247140154007926,1547247140154113890
1547247141153643565,1547247141153757069
1547247142153404776,1547247142153498548
1547247143150898893,1547247143151015543
