first_timestamp,second_timestamp
1547247164314934935,1547247164315022380
1547247165322864662,1547247165322945345
1547247166300294315,1547247166300369540
1547247167325703457,1547247167325787242
1547247168353451782,1547247168353572434
1547247169362330912,1547247169362486541
1547247170359689362,1547247170359816364
1547247171359405045,1547247171359538228
1547247172360716893,1547247172360843228
1547247173355174485,1547247173355276963
1547247174351261601,1547247174351371499
1547247175353035625,1547247175353153368
1547247176355527387,1547247176355642452
1547247177358340878,1547247177358457709
1547247178358702675,1547247178358816174
1547247179357644917,1547247179357761930
1547247180358688364,1547247180358795065
1547247181356176133,1547247181356283838
1547247182353176124,1547247182353278724
1547247183352011148,1547247183352123580
1547247184357808761,1547247184357925461
1547247185358929629,1547247185359042572
1547247186357977291,1547247186358094133
1547247187358253726,1547247187358369161
1547247188356211402,1547247188356324934
1547247189357089912,1547247189357196977
1547247190356070020,1547247190356179365
1547247191355631931,1547247191355739288
1547247192358024730,1547247192358137739
1547247193362888022,1547247193363000592
1547247194355673342,1547247194355772641
1547247195354137468,1547247195354245598
1547247196357656792,1547247196357769266
1547247197360930637,1547247197361059152
1547247198352199531,1547247198352297547
1547247199349562919,1547247199349662900
1547247200351194697,1547247200351296767
1547247201351158990,1547247201351270666
1547247202356380050,1547247202356487815
1547247203354986598,1547247203355099471
1547247204356620341,1547247204356734933
1547247205364912247,1547247205365021803
1547247206370867719,1547247206370979048
1547247207364870991,1547247207364986802
1547247208357459886,1547247208357633877
1547247209354629772,1547247209354736846
1547247210352710251,1547247210352815998
1547247211353795933,1547247211353904762
1547247212353407089,1547247212353514547
1547247213354647888,1547247213354766893
1547247214357385216,1547247214357498588
1547247215356628953,1547247215356738895
1547247216356242489,1547247216356359479
1547247217357266008,1547247217357382777
1547247218354312768,1547247218354428255
1547247219357656668,1547247219357758268
1547247220356307536,1547247220356417314
1547247221359142895,1547247221359252848
1547247222360923926,1547247222361035941
1547247223356968679,1547247223357076246
1547247224355332640,1547247224355442974
1547247225353855815,1547247225353968836
1547247226357881498,1547247226357989670
1547247227359068976,1547247227359188622
1547247228358691051,1547247228358798233
1547247229355979894,1547247229356089826
1547247230359376634,1547247230359494417
1547247231358254339,1547247231358361226
1547247232355403030,1547247232355526460
1547247233357311586,1547247233357426149
1547247234356172743,1547247234356275551
1547247235353788560,1547247235353899424
1547247236353766833,1547247236353873027
1547247237359163799,1547247237359287063
1547247238361152685,1547247238361267600
1547247239354432940,1547247239354531152
1547247240350891914,1547247240351001814
1547247241356413682,1547247241356520543
1547247242359803462,1547247242359916269
1547247243361043862,1547247243361159160
1547247244353698492,1547247244353799769
1547247245355991798,1547247245356105053
1547247246355427145,1547247246355533906
1547247247353532909,1547247247353647342
1547247248351297387,1547247248351439341
1547247249356115747,1547247249356222564
1547247250355921455,1547247250356038186
1547247251357129227,1547247251357243054
1547247252354843581,1547247252354955644
1547247253355677406,1547247253355795657
1547247254356628507,1547247254356737696
1547247255353649704,1547247255353762049
1547247256355542670,1547247256355660334
1547247257354891512,1547247257355001141
1547247258353125689,1547247258353231895
1547247259353839177,1547247259353947688
1547247260354528711,1547247260354660314
1547247261360415342,1547247261360525838
1547247262365497908,1547247262365609683
1547247263363123381,1547247263363238881
1547247264360975198,1547247264361083934
1547247265359061890,1547247265359172658
1547247266358050760,1547247266358155420
1547247267355305757,1547247267355448263
1547247268353195197,1547247268353318965
1547247269353209968,1547247269353316480
1547247270357163941,1547247270357280661
1547247271359981480,1547247271360095984
1547247272356045585,1547247272356153371
1547247273355636922,1547247273355743298
1547247274355751331,1547247274355860351
1547247275355612328,1547247275355716311
1547247276356591225,1547247276356701837
1547247277356188814,1547247277356301585
1547247278353010772,1547247278353112015
1547247279351479555,1547247279351591971
1547247280355470874,1547247280355573559
1547247281357502258,1547247281357615285
1547247282357617785,1547247282357733851
1547247283353686750,1547247283353802333
1547247284352501927,1547247284352602970
1547247285349622230,1547247285349722401
1547247286360177516,1547247286360325755
1547247287359428771,1547247287359549042
1547247288354071689,1547247288354175054
1547247289352859173,1547247289352972826
1547247290357793823,1547247290357948905
1547247291367463251,1547247291367576519
1547247292360939713,1547247292361055239
1547247293363998667,1547247293364131549
1547247294360879045,1547247294360980556
1547247296349898711,1547247296350008108
1547247296413730511,1547247296413830569
1547247297423256017,1547247297423363993
1547247298427133096,1547247298427244454
1547247299418615923,1547247299418732931
1547247300420273736,1547247300420385930
1547247301417403180,1547247301417508738
1547247302423152712,1547247302423261708
1547247303422703172,1547247303422807967
1547247304416265664,1547247304416378970
1547247305417983235,1547247305418095117
1547247306420155189,1547247306420268018
1547247307421466037,1547247307421579838
1547247308419628225,1547247308419729375
1547247309415972323,1547247309416190965
1547247310419946380,1547247310420069586
1547247311422079616,1547247311422198390
1547247312416745089,1547247312416851036
1547247313415471200,1547247313415581918
1547247314414717727,1547247314414816964
1547247315415570705,1547247315415681093
1547247316419195080,1547247316419312712
1547247317419596924,1547247317419709961
1547247318418210508,1547247318418322898
1547247319417613946,1547247319417732243
1547247320417674832,1547247320417773501
1547247321417922726,1547247321418040089
1547247322420419746,1547247322420536437
1547247323423001600,1547247323423145330
1547247324430383485,1547247324430591372
1547247325416694246,1547247325416806162
1547247326418566346,1547247326418684982
1547247327420000865,1547247327420123719
1547247328419365840,1547247328419502538
1547247329417655086,1547247329417775712
1547247330420358556,1547247330420471304
1547247331421584369,1547247331421701163
1547247332417816932,1547247332417923731
1547247333416592502,1547247333416701770
1547247334416737920,1547247334416847237
1547247335419324747,1547247335419462281
1547247336420786659,1547247336420897399
1547247337420118970,1547247337420222719
1547247338420643111,1547247338420769659
1547247339420083961,1547247339420196183
1547247340417314138,1547247340417439136
1547247341417686891,1547247341417803134
1547247342418514478,1547247342418624360
1547247343419375616,1547247343419518043
1547247344418543485,1547247344418658032
1547247345417850767,1547247345417959128
1547247346416152231,1547247346416260599
1547247347415449464,1547247347415559972
1547247348427261772,1547247348427370904
1547247349427202636,1547247349427313927
1547247350412871949,1547247350412966712
1547247351411630824,1547247351411742917
1547247352417422586,1547247352417540843
1547247353415725958,1547247353415831252
1547247354414394988,1547247354414507599
1547247355415562031,1547247355415672188
1547247356415372226,1547247356415522325
1547247357412413561,1547247357412510969
1547247358408801481,1547247358408905793
1547247359411544732,1547247359411655340
1547247360418060322,1547247360418176803
1547247361419633494,1547247361419740337
1547247362417032547,1547247362417142973
1547247363418294638,1547247363418409177
1547247364417778839,1547247364417885392
1547247365416883422,1547247365416991391
1547247366420906257,1547247366421012557
1547247367415667842,1547247367415767385
1547247368416243039,1547247368416352794
1547247369422977821,1547247369423088555
1547247370416147352,1547247370416226437
1547247371411502581,1547247371411603835
1547247372418821703,1547247372418933018
1547247373418220847,1547247373418325213
1547247374416962939,1547247374417071410
1547247375417305640,1547247375417415599
1547247376416840427,1547247376416944152
1547247377416964142,1547247377417071956
1547247378417298116,1547247378417407477
1547247379419506686,1547247379419618638
1547247380420484159,1547247380420596269
1547247381421146478,1547247381421254241
1547247382420171372,1547247382420279591
1547247383417987481,1547247383418094795
1547247384415254315,1547247384415351872
1547247385416194614,1547247385416313807
1547247386423137572,1547247386423253618
1547247387422686331,1547247387422798546
1547247388419472237,1547247388419576156
1547247389416376574,1547247389416490181
1547247391416360999,1547247391416472794
1547247392411129017,1547247392411248860
1547247392477051633,1547247392477151206
1547247393481364527,1547247393481478787
1547247394486156837,1547247394486268239
1547247395485722969,1547247395485880166
1547247396482780602,1547247396482887527
1547247397482376251,1547247397482471276
1547247398474028949,1547247398474138397
1547247399475208295,1547247399475314292
1547247400482272471,1547247400482382794
1547247401483153136,1547247401483260997
1547247402483194314,1547247402483307544
1547247403483198815,1547247403483306098
1547247404481138064,1547247404481242867
1547247405482825097,1547247405482936447
1547247406485360196,1547247406485472152
1547247407490486691,1547247407490603208
1547247408482907047,1547247408483012430
1547247409484244113,1547247409484359099
1547247410485814056,1547247410485926937
1547247411486437737,1547247411486553847
1547247412486845471,1547247412486957313
1547247413486403979,1547247413486517900
1547247414486527078,1547247414486634542
1547247415485194011,1547247415485299671
1547247416482968961,1547247416483080446
1547247417482186804,1547247417482293440
1547247418483214761,1547247418483325669
1547247419481632227,1547247419481737834
1547247420481294128,1547247420481400086
1547247421483174930,1547247421483289839
1547247422482517133,1547247422482612742
1547247423482924842,1547247423483042578
1547247424483826705,1547247424483945035
1547247425486047608,1547247425486158326
1547247426483596891,1547247426483700845
1547247427482370910,1547247427482488588
1547247428485667161,1547247428485777227
1547247429484525075,1547247429484638331
1547247430484215589,1547247430484331328
1547247431482922542,1547247431483027896
1547247432481064542,1547247432481168794
1547247433490323956,1547247433490426769
1547247434483033320,1547247434483152122
1547247435483399712,1547247435483522912
1547247436482090172,1547247436482201784
1547247437484152651,1547247437484261421
1547247438484270976,1547247438484393812
1547247439481501713,1547247439481605368
1547247440482509711,1547247440482621057
1547247441482916235,1547247441483032622
1547247442482903384,1547247442483009733
1547247443482213249,1547247443482328465
1547247444482296379,1547247444482407320
1547247445483238551,1547247445483356816
1547247446484081727,1547247446484180637
1547247447483141500,1547247447483255125
1547247448490712507,1547247448490809248
1547247449497587981,1547247449497703775
1547247450481112121,1547247450481216522
1547247451481704571,1547247451481819142
1547247452487874022,1547247452487987865
1547247453488780288,1547247453488892786
1547247454490445421,1547247454490558276
1547247455485300260,1547247455485406753
1547247456481581671,1547247456481697485
1547247457482862684,1547247457482980612
1547247458483851049,1547247458483963256
1547247459485057266,1547247459485177522
1547247460488314320,1547247460488427465
1547247461486535297,1547247461486647352
1547247462485395681,1547247462485581965
1547247464471372202,1547247464471464892
1547247464528612851,1547247464528691813
1547247465538534195,1547247465538622396
1547247466539059369,1547247466539139941
