first_timestamp,second_timestamp
1547248117941877844,1547248117941965113
1547248118955981736,1547248118956059550
1547248119977569869,1547248119977659945
1547248121003041151,1547248121003116774
1547248122025866269,1547248122025989589
1547248123032994922,1547248123033085856
1547248124022129668,1547248124022209559
1547248125023450020,1547248125023565741
1547248126032649460,1547248126032759913
1547248127027509715,1547248127027609606
1547248128024957559,1547248128025054830
1547248129023852199,1547248129023944606
1547248130026900208,1547248130027012041
1547248131034697206,1547248131034813829
1547248132034810358,1547248132034931344
1547248133036144949,1547248133036256645
1547248134034397232,1547248134034515016
1547248135034004066,1547248135034123887
1547248136031964677,1547248136032067508
1547248137028835077,1547248137028937744
1547248138031254795,1547248138031369633
1547248139035464322,1547248139035577655
1547248140036513871,1547248140036634114
1547248141034248301,1547248141034359647
1547248142032272446,1547248142032378732
1547248143033143459,1547248143033260556
1547248144031014612,1547248144031121015
1547248145029461082,1547248145029578788
1547248146029852188,1547248146029951663
1547248147027193036,1547248147027296331
1547248148028568178,1547248148028681020
1547248149032465209,1547248149032582191
1547248150038352407,1547248150038467180
1547248151036927723,1547248151037030764
1547248152033487919,1547248152033606738
1547248153034124349,1547248153034242760
1547248154031536748,1547248154031634182
1547248155029681968,1547248155029794079
1547248156031070153,1547248156031184285
1547248157032427967,1547248157032542364
1547248158037795437,1547248158037909416
1547248159036287417,1547248159036397191
1547248160032586063,1547248160032709312
1547248161034373716,1547248161034490149
1547248162032469222,1547248162032580228
1547248163031090984,1547248163031197653
1547248164032827412,1547248164032937559
1547248165035785366,1547248165035899565
1547248166037298805,1547248166037415192
1547248167031859408,1547248167031972547
1547248168032231994,1547248168032346833
1547248169033586830,1547248169033701158
1547248170031583384,1547248170031687795
1547248171031065213,1547248171031169092
1547248172035480663,1547248172035586104
1547248173035822803,1547248173035931948
1547248174038390736,1547248174038504514
1547248175041879268,1547248175041993255
1547248176036739768,1547248176036837831
1547248177030226270,1547248177030340469
1547248178033766855,1547248178033865187
1547248179032503883,1547248179032614912
1547248180037208852,1547248180037319005
1547248181033147639,1547248181033254076
1547248182031600799,1547248182031711930
1547248183032553687,1547248183032664287
1547248184029883584,1547248184029992473
1547248185030393147,1547248185030504883
1547248186030089206,1547248186030195510
1547248187028330933,1547248187028441464
1547248188031554529,1547248188031662278
1547248189031374493,1547248189031500323
1547248190032221372,1547248190032334748
1547248191032324672,1547248191032441401
1547248192034385647,1547248192034506705
1547248193036016899,1547248193036130742
1547248194029956814,1547248194030062932
1547248195028606731,1547248195028725461
1547248196032961865,1547248196033071613
1547248197029677819,1547248197029775697
1547248198028381624,1547248198028493856
1547248199037390746,1547248199037506670
1547248200038203411,1547248200038320746
1547248201029800053,1547248201029878588
1547248202026673045,1547248202026787774
1547248203032466639,1547248203032555576
1547248204020058339,1547248204020135612
1547248205027188675,1547248205027309007
1547248206035704771,1547248206035824197
1547248207031452999,1547248207031566381
1547248208027948544,1547248208028058564
1547248209022326784,1547248209022403591
1547248210014587933,1547248210014668155
1547248211013662402,1547248211013743147
1547248212014393366,1547248212014473061
1547248213014127241,1547248213014209094
1547248214023924095,1547248214024035126
1547248215035091487,1547248215035196601
1547248216029305708,1547248216029406803
1547248217028201844,1547248217028323384
1547248218036605214,1547248218036720470
1547248219036285957,1547248219036454444
1547248220039503756,1547248220039585587
1547248221041457962,1547248221041625551
1547248222033483588,1547248222033562724
1547248223015145266,1547248223015234919
1547248224021200116,1547248224021287664
1547248225019776144,1547248225019862585
1547248226014566796,1547248226014646608
1547248227015598629,1547248227015702926
1547248228024172300,1547248228024287260
1547248229028394560,1547248229028501391
1547248230023582234,1547248230023679927
1547248231022707585,1547248231022804897
1547248232026668397,1547248232026789113
1547248233031602727,1547248233031720072
1547248234026482948,1547248234026567945
1547248235023869001,1547248235023983389
1547248236030517036,1547248236030625820
1547248237026110445,1547248237026193101
1547248238022407101,1547248238022493269
1547248239028317347,1547248239028432441
1547248240035353596,1547248240035492133
1547248241031394770,1547248241031478952
1547248242022649923,1547248242022737049
1547248243023012157,1547248243023109119
1547248244022298556,1547248244022376612
1547248245015602243,1547248245015713811
1547248246015355476,1547248246015463040
1547248247018077171,1547248247018154495
1547248248019454197,1547248248019538937
1547248249016613696,1547248249016695640
1547248250015725955,1547248250015806269
1547248252016153642,1547248252016279293
1547248253019267068,1547248253019389356
1547248253085973174,1547248253086081669
1547248254093287311,1547248254093405036
1547248255089874406,1547248255089954699
1547248256087263082,1547248256087411360
1547248257098702310,1547248257098819418
1547248258097511710,1547248258097630758
1547248259090765466,1547248259090862904
1547248260090305832,1547248260090406077
1547248261094765538,1547248261094891120
1547248262094016231,1547248262094109027
1547248263090232133,1547248263090366283
1547248264095205656,1547248264095327786
1547248265096916662,1547248265097041334
1547248266099117188,1547248266099242598
1547248267097753553,1547248267097866315
1547248268094030429,1547248268094152675
1547248269095367921,1547248269095502165
1547248270086217497,1547248270086318503
1547248271077792687,1547248271077868406
1547248272084136197,1547248272084246793
1547248273089857234,1547248273089962027
1547248274091732485,1547248274091850703
1547248275095114901,1547248275095229048
1547248276093879590,1547248276094005389
1547248277094806804,1547248277094927928
1547248278094054037,1547248278094169283
1547248279089871997,1547248279089969576
1547248280089835055,1547248280089960763
1547248281096721440,1547248281096842489
1547248282093567098,1547248282093671395
1547248283086073880,1547248283086167911
1547248284086392925,1547248284086505874
1547248285093905803,1547248285094032343
1547248286095816999,1547248286095936067
1547248287094684605,1547248287094827843
1547248288087824749,1547248288087900840
1547248289084144051,1547248289084263182
1547248290094590687,1547248290094716121
1547248291094874974,1547248291094995921
1547248292095015713,1547248292095136407
1547248293095657212,1547248293095774468
1547248294088923600,1547248294089003907
1547248295087223678,1547248295087335844
1547248296094158953,1547248296094277551
1547248297092641194,1547248297092786066
1547248298094098806,1547248298094217645
1547248299097072270,1547248299097201485
1547248300095515202,1547248300095642526
1547248301095644298,1547248301095765123
1547248302093709052,1547248302093804013
1547248303088208228,1547248303088327188
1547248304094066854,1547248304094180069
1547248305088873888,1547248305088965820
1547248306088468325,1547248306088593478
1547248307090039938,1547248307090136170
1547248308088937186,1547248308089019786
1547248309088901469,1547248309088983851
1547248310083699013,1547248310083780919
1547248311080038229,1547248311080115009
1547248312081203535,1547248312081583779
1547248313088157395,1547248313088267179
1547248314091837055,1547248314091943823
1547248315088399087,1547248315088494711
1547248316090338005,1547248316090459096
1547248317095948174,1547248317096057671
1547248318092512276,1547248318092618637
1547248319086413803,1547248319086490774
1547248320085305892,1547248320085415631
1547248321089600258,1547248321089709987
1547248322083745398,1547248322083833259
1547248323086388507,1547248323086508089
1547248324096306486,1547248324096421545
1547248325095198638,1547248325095330919
1547248326094195330,1547248326094325183
1547248327092580399,1547248327092724896
1547248328089810958,1547248328089917168
1547248329090971265,1547248329091084715
1547248330095066800,1547248330095179338
1547248331094473666,1547248331094601701
1547248332093847929,1547248332093985502
1547248333092723528,1547248333092834860
1547248334093131188,1547248334093280312
1547248335094011021,1547248335094139453
1547248336091083221,1547248336091172075
1547248337092118559,1547248337092273400
1547248338095104196,1547248338095224262
1547248339094153427,1547248339094339758
1547248340094730840,1547248340094824792
1547248341091674455,1547248341091794097
1547248342091027709,1547248342091128381
1547248343090763204,1547248343090882022
1547248344095974137,1547248344096087130
1547248345093262099,1547248345093368286
1547248346088059976,1547248346088154232
1547248347088579069,1547248347088688755
1547248348098823606,1547248348098943950
1547248349093717764,1547248349093847411
1547248350089939684,1547248350090046932
1547248351090266854,1547248351090382128
1547248352091812279,1547248352091918304
1547248353088710890,1547248353088812631
1547248354082556501,1547248354082658596
1547248355079928124,1547248355080003900
1547248356081256127,1547248356081333368
1547248357082012452,1547248357082114674
1547248358084371683,1547248358084457019
1547248359080456201,1547248359080537953
1547248360084351337,1547248360084466894
1547248361094981854,1547248361095101119
1547248362092174587,1547248362092310204
1547248363089604794,1547248363089718693
1547248364090237879,1547248364090316697
1547248365085877898,1547248365085998009
1547248366092691654,1547248366092833241
1547248367092135515,1547248367092282363
1547248368094349586,1547248368094480189
1547248369094400108,1547248369094530594
1547248370093118260,1547248370093239171
1547248371094311934,1547248371094457080
1547248372094982230,1547248372095112428
1547248373094086364,1547248373094210044
1547248374094925791,1547248374095055279
1547248375091463625,1547248375091599405
1547248376089902146,1547248376090022717
1547248377095157131,1547248377095286078
1547248378097748325,1547248378097868978
1547248379095375906,1547248379095539135
1547248380091612576,1547248380091774711
1547248381091910041,1547248381092024863
1547248382094798599,1547248382094916004
1547248383093202001,1547248383093320886
1547248384094452820,1547248384094569297
1547248385095699192,1547248385095805711
1547248386096398035,1547248386096514067
1547248387097316226,1547248387097438336
1547248388098724446,1547248388098840250
1547248389092547484,1547248389092650328
1547248390090664936,1547248390090785987
1547248391094390093,1547248391094502837
1547248392095764915,1547248392095879574
1547248393095800607,1547248393095919094
1547248394091963713,1547248394092065862
1547248395084688088,1547248395084767573
1547248396076552528,1547248396076652050
1547248397079510660,1547248397079613924
1547248398080416408,1547248398080493155
1547248399079902147,1547248399079992394
1547248400086022176,1547248400086131134
1547248401087489651,1547248401087585627
1547248402088503405,1547248402088613023
1547248403093338810,1547248403093450414
1547248404093921218,1547248404094041084
1547248405090756713,1547248405090853238
1547248406090003061,1547248406090124245
1547248407093991997,1547248407094104807
1547248408093344463,1547248408093465695
1547248409087564689,1547248409087643182
1547248410083262567,1547248410083349426
1547248411093230569,1547248411093394262
1547248412096298352,1547248412096425834
1547248413092672106,1547248413092789546
1547248414085663244,1547248414085740893
1547248415085293222,1547248415085415484
1547248416094791696,1547248416094927954
1547248417091113573,1547248417091217548
1547248418091892598,1547248418092065913
1547248419086851647,1547248419086932146
1547248420085402680,1547248420085553497
1547248421095233801,1547248421095351398
1547248422092499980,1547248422092608385
