first_timestamp,second_timestamp
1547248441639001404,1547248441639088709
1547248442646575291,1547248442646657897
1547248443625474069,1547248443625639626
1547248444651811073,1547248444651892390
1547248445677603163,1547248445677713064
1547248446673653825,1547248446673734974
1547248447675867412,1547248447675970366
1547248448681014857,1547248448681104182
1547248449671315720,1547248449671451057
1547248450676692945,1547248450676875150
1547248451681348090,1547248451681446571
1547248452681709882,1547248452681827892
1547248453685725887,1547248453685839798
1547248454683144527,1547248454683263738
1547248455681946973,1547248455682052861
1547248456677977805,1547248456678093149
1547248457682476707,1547248457682592200
1547248458683865683,1547248458683980348
1547248459686996791,1547248459687110749
1547248460687832703,1547248460687954455
1547248461678927255,1547248461679027650
1547248462669317559,1547248462669400755
1547248463667406418,1547248463667487265
1547248464671616454,1547248464671715329
1547248465679707543,1547248465679829069
1547248466676081562,1547248466676162827
1547248467665823298,1547248467665924393
1547248468670810857,1547248468670910048
1547248469680253978,1547248469680369657
1547248470681356650,1547248470681461284
1547248471678090399,1547248471678201049
1547248472681044920,1547248472681154868
1547248473676138981,1547248473676219392
1547248474665858053,1547248474665945523
1547248475668598692,1547248475668690758
1547248476673874985,1547248476673974620
1547248477677308672,1547248477677401997
1547248478681641661,1547248478681754019
1547248479682662644,1547248479682773024
1547248480680562099,1547248480680666169
1547248481679662310,1547248481679765456
1547248482681353744,1547248482681456598
1547248483682296118,1547248483682407778
1547248484681293135,1547248484681403867
1547248485679126888,1547248485679243005
1547248486679023124,1547248486679139030
1547248487675147748,1547248487675339092
1547248488667977828,1547248488668066110
1547248489663316540,1547248489663413704
1547248490668611309,1547248490668715496
1547248491678904480,1547248491679020484
1547248492680213590,1547248492680332323
1547248493679547658,1547248493679656551
1547248494675150324,1547248494675253934
1547248495675491279,1547248495675606123
1547248496678343593,1547248496678454562
1547248497679753848,1547248497679874482
1547248498677225815,1547248498677317585
1547248499673272745,1547248499673387713
1547248500680052605,1547248500680164512
1547248501680924593,1547248501681042331
1547248502678460929,1547248502678561759
1547248503674895547,1547248503675017717
1547248504679181865,1547248504679297472
1547248505679578548,1547248505679682008
1547248506679030219,1547248506679136669
1547248507678257513,1547248507678377580
1547248508681428668,1547248508681550146
1547248509684762843,1547248509684893480
1547248510686258125,1547248510686352971
1547248511674441099,1547248511674539396
1547248512676019362,1547248512676141786
1547248513682921589,1547248513683046490
1547248514682229585,1547248514682344630
1547248515680691236,1547248515680799736
1547248516677698099,1547248516677797479
1547248517678788242,1547248517678897318
1547248518683406340,1547248518683541304
1547248519681596477,1547248519681710663
1547248520681169434,1547248520681291405
1547248521679299526,1547248521679423620
1547248522678245608,1547248522678358014
1547248523682746364,1547248523682856389
1547248524681841834,1547248524681951068
1547248525680921371,1547248525681033444
1547248526681956153,1547248526682063575
1547248527680744174,1547248527680855182
1547248528681294357,1547248528681407067
1547248529679894103,1547248529680013745
1547248530681738803,1547248530681874712
1547248531679666906,1547248531679784332
1547248532679039014,1547248532679154686
1547248533679237418,1547248533679345009
1547248534679407074,1547248534679515664
1547248535682504749,1547248535682627514
1547248536682300414,1547248536682408951
1547248537671800727,1547248537671880284
1547248538669987158,1547248538670103353
1547248539678095040,1547248539678222185
1547248540677345676,1547248540677473557
1547248541681689706,1547248541681811244
1547248542682121045,1547248542682230330
1547248543681624024,1547248543681740391
1547248544682126576,1547248544682237482
1547248545681588725,1547248545681704668
1547248546680119547,1547248546680230920
1547248547678169065,1547248547678280520
1547248548678536531,1547248548678673619
1547248549681203423,1547248549681324493
1547248550681281779,1547248550681399054
1547248551680930774,1547248551681056578
1547248552682309842,1547248552682428769
1547248553683066708,1547248553683186705
1547248554680988456,1547248554681098708
1547248555679235804,1547248555679344842
1547248556679664587,1547248556679796857
1547248557682139503,1547248557682261262
1547248558686244698,1547248558686386442
1547248559683770728,1547248559683891647
1547248560681323773,1547248560681438107
1547248561679192106,1547248561679312057
1547248562680955878,1547248562681075847
1547248563682236602,1547248563682352458
1547248564682967191,1547248564683081964
1547248565683656059,1547248565683768122
1547248566682970495,1547248566683076284
1547248567682579007,1547248567682705784
1547248568681319845,1547248568681424281
1547248569678880506,1547248569679007655
1547248570681614950,1547248570681732503
1547248571680363007,1547248571680628757
1547248572681011730,1547248572681221768
1547248573680755806,1547248573680857253
1547248574678741573,1547248574678872977
1547248575680369707,1547248575680475494
1547248576677884057,1547248576677995104
1547248577677294836,1547248577677406620
1547248578677515955,1547248578677621566
1547248579678924559,1547248579679059886
1547248580680559540,1547248580680670456
1547248581678664435,1547248581678795266
1547248582679925729,1547248582680058605
1547248583680950353,1547248583681063436
1547248584684272039,1547248584684391002
1547248585687313262,1547248585687445640
1547248586684294894,1547248586684405636
1547248587679589369,1547248587679700891
1547248588678508093,1547248588678620581
1547248589679334315,1547248589679462767
1547248590679361084,1547248590679492543
1547248591679737385,1547248591679846391
1547248592681541569,1547248592681661383
1547248593682133321,1547248593682238814
1547248594678198155,1547248594678303429
1547248595677259570,1547248595677368153
1547248596677149603,1547248596677254473
1547248597676939055,1547248597677045044
1547248598679185275,1547248598679299363
1547248599678760202,1547248599678865605
1547248600680091651,1547248600680202259
1547248601682773334,1547248601682887600
1547248602682146237,1547248602682259481
1547248603681172106,1547248603681282824
1547248604680655607,1547248604680766128
1547248605679715788,1547248605679819698
1547248606678458340,1547248606678567342
1547248607681158285,1547248607681269603
1547248608682638389,1547248608682751088
1547248609678763858,1547248609678864465
1547248610678673000,1547248610678783247
1547248611684086990,1547248611684206680
1547248612683278533,1547248612683401432
1547248613676387158,1547248613676495838
1547248614677017718,1547248614677136716
1547248615680305316,1547248615680423754
1547248616679545309,1547248616679656027
1547248617676637585,1547248617676748932
1547248618678058903,1547248618678173856
1547248619678178563,1547248619678295988
1547248620679327016,1547248620679463641
1547248621680718935,1547248621680836531
1547248622679297567,1547248622679443296
1547248623683658958,1547248623683768184
1547248624683336428,1547248624683463591
1547248625681169007,1547248625681291959
1547248626680736876,1547248626680854534
1547248627683295722,1547248627683424607
1547248628684558675,1547248628684671983
1547248629681934475,1547248629682041958
1547248630682153997,1547248630682269522
1547248631682260596,1547248631682377614
1547248632682200772,1547248632682310826
1547248633679227222,1547248633679325307
1547248634678668037,1547248634678788294
1547248635682642849,1547248635682764155
1547248636685714916,1547248636685819136
1547248637679331931,1547248637679458487
1547248638675609500,1547248638675715603
1547248639683179622,1547248639683293916
1547248640682843956,1547248640682958230
1547248641680318344,1547248641680424873
1547248642680763886,1547248642680870022
1547248643683479029,1547248643683594796
1547248644682559056,1547248644682675014
1547248645680091547,1547248645680195404
1547248646679777870,1547248646679888504
1547248647678170960,1547248647678266462
1547248648677509297,1547248648677623142
1547248649682154404,1547248649682257988
1547248650678436354,1547248650678543189
1547248651680228110,1547248651680343116
1547248652683572390,1547248652683682140
1547248653681103348,1547248653681210763
1547248654679239431,1547248654679346832
1547248655676369187,1547248655676477180
1547248656674854474,1547248656674994242
1547248657673780515,1547248657673886653
1547248658672982780,1547248658673081190
1547248659674507933,1547248659674614821
1547248660677807160,1547248660677918084
1547248661680873733,1547248661680989589
1547248662682709219,1547248662682831638
1547248663679734304,1547248663679840813
1547248664678218042,1547248664678333942
1547248665681579519,1547248665681695441
1547248666681066068,1547248666681176401
1547248667677688363,1547248667677802033
1547248668681363626,1547248668681481484
1547248669681402686,1547248669681519057
1547248670680209206,1547248670680324452
1547248671693306992,1547248671693424208
1547248672681633806,1547248672681748720
1547248673681221910,1547248673681336337
1547248674683201868,1547248674683314483
1547248675684732416,1547248675684847139
1547248676680298225,1547248676680413712
1547248677680934073,1547248677681051488
1547248678683475071,1547248678683606578
1547248679682658454,1547248679682772507
1547248680682417688,1547248680682530376
1547248681683538907,1547248681683656904
1547248682678754176,1547248682678849469
1547248683678631871,1547248683678740083
1547248684679973726,1547248684680072207
1547248685674476638,1547248685674576017
1547248686678135402,1547248686678244532
1547248687680824796,1547248687680941122
1547248688678816394,1547248688678919213
1547248689676223255,1547248689676330208
1547248690679705939,1547248690679814017
1547248691682217261,1547248691682328221
1547248692683513332,1547248692683621024
1547248693683914457,1547248693684021589
1547248694680491159,1547248694680605381
1547248695678953688,1547248695679063326
1547248696676678291,1547248696676785788
1547248697676272940,1547248697676388127
1547248698680530141,1547248698680643321
1547248699683329212,1547248699683459496
1547248700681903319,1547248700682014281
1547248701677916598,1547248701678026618
1547248702676601791,1547248702676705004
1547248703675586752,1547248703675698121
1547248704677195169,1547248704677304040
1547248705678311038,1547248705678426573
1547248706680484003,1547248706680601280
1547248707678896992,1547248707679004393
1547248708678755899,1547248708678878271
1547248709682581622,1547248709682693474
1547248710684045408,1547248710684158227
1547248711687413821,1547248711687531707
1547248712683196361,1547248712683309039
1547248713680422757,1547248713680538364
1547248714684680547,1547248714684794025
1547248715682071134,1547248715682184580
1547248716681544220,1547248716681656922
1547248717684178607,1547248717684291014
1547248718680786410,1547248718680897926
1547248719678550584,1547248719678665606
1547248720682228794,1547248720682358378
1547248721684785842,1547248721684895841
1547248722681202468,1547248722681312737
1547248723677234396,1547248723677339482
1547248724678310783,1547248724678415788
1547248725681549294,1547248725681663758
1547248726682157392,1547248726682278534
1547248727680232063,1547248727680338363
1547248728678525027,1547248728678641584
1547248729682243914,1547248729682364659
1547248730681846236,1547248730681954107
1547248731678099301,1547248731678204820
1547248732675595096,1547248732675694526
1547248733678274039,1547248733678399594
1547248734678301939,1547248734678416261
1547248735680858575,1547248735680963012
1547248736678132277,1547248736678241191
1547248737674786262,1547248737674884660
1547248738674998256,1547248738675108273
1547248739683645796,1547248739683763191
1547248740680558203,1547248740680645916
1547248741667392516,1547248741667490868
